2010;0;0;0
2009;1;0;0
2008;2;0;0
2007;3;0;0
2006;4;0;0
2005;5;0;0
2004;6;0;0
2003;7;0;0
2002;8;0;0
2001;9;0;0
2000;10;0;0
1999;11;0;1,66
1998;12;0;1,9
1997;13;0;2,3
1996;14;0;2,6
1995;15;0;4,08
1994;16;0;4,2
1993;17;0;4,26
1992;18;0;5,04
1991;19;0;5,2
1990;20;0;5,92
1989;21;0;6,68
1988;22;0;9,38
1987;23;0;9,66
1986;24;0;10,28
1985;25;0;10,52
1984;26;0;10,84
1983;27;0;12
1982;28;0;12,22
1981;29;0;14,26
1980;30;0;14,98
1979;31;0;15,54
1978;32;0;17,48
1977;33;0;18,24
1976;34;0;18,72
1975;35;0;18,72
1974;36;0;19,16
1973;37;0;19,3
1972;38;0;19,56
1971;39;0;20,62
1970;40;0;20,68
1969;41;0;20,86
1968;42;0;21,2
1967;43;0;21,26
1966;44;0;21,74
1965;45;0;22,06
1964;46;0;23,5
1963;47;0;23,54
1962;48;0;23,9
1961;49;0;23,96
1960;50;0;25,18
1959;51;0;25,22
1958;52;0;25,46
1957;53;0;25,56
1956;54;0;25,68
1955;55;0;25,94
1954;56;0;26,08
1953;57;0;26,12
1952;58;0;26,42
1951;59;0;27,1
1950;60;0;27,54
1949;61;0;28,12
1948;62;0;28,42
1947;63;0;28,42
1946;64;0;28,78
1945;65;0;29,52
1944;66;0;29,94
1943;67;0;30,62
1942;68;0;30,68
1941;69;0;30,78
1940;70;0;30,82
1939;71;0;31,08
1938;72;0;31,1
1937;73;0;31,24
1936;74;0;31,26
1935;75;0;31,32
1934;76;0;31,32
1933;77;0;31,54
1932;78;0;31,88
1931;79;0;31,9
1930;80;0;32,82
1929;81;0;33,36
1928;82;0;33,5
1927;83;0;33,62
1926;84;0;34,08
1925;85;0;34,3
1924;86;0;34,78
1923;87;0;35,24
1922;88;0;35,26
1921;89;0;35,66
1920;90;0;35,74
1919;91;0;36,24
1918;92;0;36,42
1917;93;0;36,42
1916;94;0;37,02
1915;95;0;37,08
1914;96;0;37,42
1913;97;0;37,74
1912;98;0;37,76
1911;99;0;38,02
1910;100;0;38,28
1909;101;0;38,3
1908;102;0;38,34
1907;103;0;38,44
1906;104;0;38,68
1905;105;0;38,92
1904;106;0;39,08
1903;107;0;39,12
1902;108;0;39,18
1901;109;0;39,4
1900;110;0;39,84
1899;111;0;40,08
1898;112;0;40,08
1897;113;0;40,56
1896;114;0;40,7
1895;115;0;40,74
1894;116;0;40,86
1893;117;0;41,04
1892;118;0;41,32
1891;119;0;41,4
1890;120;0;41,52
1889;121;0;41,66
1888;122;0;41,72
1887;123;0;41,94
1886;124;0;42,14
1885;125;0;42,24
1884;126;0;42,38
1883;127;0;42,38
1882;128;0;42,42
1881;129;0;42,54
1880;130;0;42,74
1879;131;0;42,98
1878;132;0;43,1
1877;133;0;43,2
1876;134;0;43,44
1875;135;0;43,44
1874;136;0;43,5
1873;137;0;43,66
1872;138;0;43,74
1871;139;0;44,16
1870;140;0;44,46
1869;141;0;44,56
1868;142;0;44,6
1867;143;0;44,64
1866;144;0;44,7
1865;145;0;44,84
1864;146;0;44,9
1863;147;0;45,12
1862;148;0;45,18
1861;149;0;45,24
1860;150;0;45,38
1859;151;0;45,9
1858;152;0;46,28
1857;153;0;46,34
1856;154;0;46,34
1855;155;0;46,44
1854;156;0;46,66
1853;157;0;46,76
1852;158;0;46,82
1851;159;0;46,86
1850;160;0;47,04
1849;161;0;47,06
1848;162;0;47,18
1847;163;0;47,18
1846;164;0;47,24
1845;165;0;47,44
1844;166;0;47,58
1843;167;0;47,92
1842;168;0;47,94
1841;169;0;47,96
1840;170;0;48,04
1839;171;0;48,24
1838;172;0;48,28
1837;173;0;48,44
1836;174;0;48,58
1835;175;0;48,66
1834;176;0;48,84
1833;177;0;48,92
1832;178;0;49,08
1831;179;0;49,14
1830;180;0;49,18
1829;181;0;49,2
1828;182;0;49,2
1827;183;0;49,2
1826;184;0;49,48
1825;185;0;49,52
1824;186;0;49,68
1823;187;0;49,82
1822;188;0;49,92
1822;187;0;50
1822;187;1;50
1822;186;1;50
1822;186;2;50
1822;185;2;50
1822;185;3;50
1822;184;3;50
1822;184;4;50
1822;183;4;50
1822;183;5;50
1822;182;5;50
1822;182;6;50
1822;181;6;50
1822;181;7;50
1822;180;7;50
1822;180;8;50
1822;179;8;50
1822;179;9;50
1822;178;9;50
1822;178;10;50
1821;179;10;50,06
1820;180;10;50,16
1819;181;10;50,32
1818;182;10;50,42
1817;183;10;50,46
1816;184;10;50,46
1815;185;10;50,48
1814;186;10;50,5
1813;187;10;50,5
1812;188;10;50,52
1811;189;10;50,56
1810;190;10;50,6
1809;191;10;50,66
1808;192;10;50,72
1807;193;10;50,82
1806;194;10;50,82
1805;195;10;50,96
1804;196;10;51,02
1803;197;10;51,08
1802;198;10;51,2
1801;199;10;51,28
1800;200;10;51,32
1799;201;10;51,4
1798;202;10;51,42
1797;203;10;51,64
1796;204;10;51,66
1796;203;10;51,68
1796;203;11;51,68
1795;204;11;51,7
1794;205;11;51,7
1794;204;11;51,92
1794;204;12;51,92
1793;205;12;51,94
1792;206;12;52
1791;207;12;52
1790;208;12;52,02
1789;209;12;52,06
1788;210;12;52,08
1787;211;12;52,14
1786;212;12;52,22
1785;213;12;52,24
1784;214;12;52,26
1784;213;12;52,32
1784;213;13;52,32
1783;214;13;52,34
1782;215;13;52,4
1781;216;13;52,4
1780;217;13;52,44
1779;218;13;52,46
1778;219;13;52,46
1777;220;13;52,46
1776;221;13;52,54
1775;222;13;52,56
1774;223;13;52,6
1774;222;13;52,62
1774;222;14;52,62
1773;223;14;52,74
1772;224;14;52,76
1771;225;14;52,8
1770;226;14;52,82
1769;227;14;52,84
1768;228;14;52,9
1767;229;14;52,94
1766;230;14;52,96
1765;231;14;53
1764;232;14;53,04
1763;233;14;53,06
1762;234;14;53,1
1761;235;14;53,1
1760;236;14;53,2
1759;237;14;53,4
1758;238;14;53,42
1757;239;14;53,54
1756;240;14;53,58
1755;241;14;53,58
1754;242;14;53,58
1753;243;14;53,62
1752;244;14;53,68
1751;245;14;53,72
1750;246;14;53,84
1749;247;14;53,94
1748;248;14;53,98
1747;249;14;54,04
1746;250;14;54,06
1745;251;14;54,06
1744;252;14;54,08
1743;253;14;54,08
1743;252;14;54,1
1743;252;15;54,1
1742;253;15;54,18
1741;254;15;54,2
1741;253;15;54,22
1741;253;16;54,22
1740;254;16;54,24
1740;253;16;54,28
1740;253;17;54,28
1739;254;17;54,28
1738;255;17;54,3
1737;256;17;54,3
1736;257;17;54,4
1735;258;17;54,4
1734;259;17;54,5
1733;260;17;54,64
1732;261;17;54,68
1731;262;17;54,8
1730;263;17;54,8
1729;264;17;54,82
1728;265;17;54,9
1727;266;17;54,9
1726;267;17;54,94
1726;266;17;55,06
1726;266;18;55,06
1725;267;18;55,16
1724;268;18;55,16
1724;267;18;55,22
1724;267;19;55,22
1723;268;19;55,28
1722;269;19;55,32
1721;270;19;55,4
1720;271;19;55,4
1719;272;19;55,42
1718;273;19;55,46
1717;274;19;55,46
1716;275;19;55,46
1715;276;19;55,48
1714;277;19;55,5
1713;278;19;55,58
1712;279;19;55,66
1711;280;19;55,66
1710;281;19;55,74
1709;282;19;55,84
1709;281;19;55,94
1709;281;20;55,94
1708;282;20;56
1707;283;20;56,2
1706;284;20;56,26
1705;285;20;56,26
1704;286;20;56,26
1703;287;20;56,3
1702;288;20;56,3
1701;289;20;56,46
1700;290;20;56,54
1699;291;20;56,54
1698;292;20;56,58
1697;293;20;56,6
1696;294;20;56,62
1695;295;20;56,66
1695;294;20;56,7
1695;294;21;56,7
1694;295;21;56,82
1693;296;21;56,86
1692;297;21;56,96
1691;298;21;56,98
1690;299;21;57,04
1689;300;21;57,06
1688;301;21;57,08
1687;302;21;57,1
1686;303;21;57,1
1685;304;21;57,16
1684;305;21;57,18
1683;306;21;57,2
1682;307;21;57,26
1681;308;21;57,38
1680;309;21;57,4
1679;310;21;57,4
1678;311;21;57,42
1677;312;21;57,42
1676;313;21;57,46
1675;314;21;57,48
1674;315;21;57,5
1673;316;21;57,5
1672;317;21;57,56
1671;318;21;57,64
1670;319;21;57,78
1669;320;21;57,98
1668;321;21;58
1667;322;21;58
1666;323;21;58,02
1665;324;21;58,08
1664;325;21;58,08
1663;326;21;58,14
1662;327;21;58,14
1661;328;21;58,3
1660;329;21;58,34
1659;330;21;58,36
1658;331;21;58,38
1657;332;21;58,38
1656;333;21;58,42
1655;334;21;58,5
1654;335;21;58,56
1653;336;21;58,58
1652;337;21;58,62
1651;338;21;58,64
1650;339;21;58,64
1649;340;21;58,68
1648;341;21;58,7
1647;342;21;58,72
1646;343;21;58,74
1645;344;21;58,74
1644;345;21;58,76
1643;346;21;58,8
1642;347;21;58,96
1641;348;21;58,98
1640;349;21;59,02
1639;350;21;59,02
1638;351;21;59,04
1637;352;21;59,04
1636;353;21;59,08
1635;354;21;59,18
1634;355;21;59,24
1633;356;21;59,32
1632;357;21;59,36
1632;356;21;59,4
1632;356;22;59,4
1631;357;22;59,42
1630;358;22;59,46
1629;359;22;59,56
1628;360;22;59,58
1628;359;22;59,68
1628;359;23;59,68
1627;360;23;59,7
1626;361;23;59,72
1625;362;23;59,8
1624;363;23;59,8
1623;364;23;59,86
1622;365;23;59,88
1621;366;23;59,92
1620;367;23;59,92
1619;368;23;59,92
1618;369;23;60
1617;370;23;60
1616;371;23;60,02
1615;372;23;60,06
1614;373;23;60,08
1613;374;23;60,14
1612;375;23;60,14
1611;376;23;60,16
1610;377;23;60,18
1609;378;23;60,2
1608;379;23;60,2
1607;380;23;60,24
1606;381;23;60,26
1605;382;23;60,26
1604;383;23;60,28
1604;382;23;60,3
1604;382;24;60,3
1603;383;24;60,3
1602;384;24;60,32
1601;385;24;60,34
1600;386;24;60,48
1600;385;24;60,54
1600;385;25;60,54
1599;386;25;60,58
1598;387;25;60,64
1597;388;25;60,66
1596;389;25;60,66
1595;390;25;60,68
1594;391;25;60,72
1593;392;25;60,78
1592;393;25;60,78
1591;394;25;60,78
1590;395;25;60,8
1589;396;25;60,84
1588;397;25;60,84
1587;398;25;60,84
1587;397;25;60,86
1587;397;26;60,86
1586;398;26;60,96
1585;399;26;61,12
1584;400;26;61,14
1583;401;26;61,18
1582;402;26;61,18
1581;403;26;61,2
1580;404;26;61,24
1579;405;26;61,3
1578;406;26;61,38
1577;407;26;61,4
1576;408;26;61,44
1575;409;26;61,44
1574;410;26;61,44
1573;411;26;61,48
1572;412;26;61,5
1571;413;26;61,58
1570;414;26;61,58
1569;415;26;61,58
1568;416;26;61,62
1567;417;26;61,62
1566;418;26;61,68
1565;419;26;61,68
1564;420;26;61,76
1563;421;26;61,78
1562;422;26;61,78
1561;423;26;61,78
1560;424;26;61,82
1559;425;26;61,9
1558;426;26;61,9
1557;427;26;61,92
1556;428;26;61,92
1555;429;26;61,94
1554;430;26;61,96
1553;431;26;62
1553;430;26;62,02
1553;430;27;62,02
1552;431;27;62,08
1551;432;27;62,14
1550;433;27;62,2
1549;434;27;62,2
1548;435;27;62,2
1548;434;27;62,24
1548;434;28;62,24
1547;435;28;62,26
1546;436;28;62,36
1545;437;28;62,38
1544;438;28;62,42
1543;439;28;62,42
1542;440;28;62,44
1541;441;28;62,44
1540;442;28;62,56
1539;443;28;62,6
1538;444;28;62,68
1537;445;28;62,68
1536;446;28;62,72
1535;447;28;62,74
1534;448;28;62,8
1533;449;28;62,84
1532;450;28;62,86
1531;451;28;62,86
1530;452;28;62,88
1529;453;28;62,9
1528;454;28;62,92
1527;455;28;62,96
1526;456;28;62,98
1525;457;28;63
1524;458;28;63,12
1523;459;28;63,18
1522;460;28;63,22
1521;461;28;63,26
1520;462;28;63,32
1519;463;28;63,34
1518;464;28;63,4
1517;465;28;63,46
1516;466;28;63,48
1515;467;28;63,54
1514;468;28;63,58
1513;469;28;63,58
1512;470;28;63,58
1511;471;28;63,58
1510;472;28;63,6
1509;473;28;63,68
1508;474;28;63,76
1507;475;28;63,78
1506;476;28;63,78
1505;477;28;63,78
1504;478;28;63,82
1503;479;28;63,84
1502;480;28;63,9
1501;481;28;63,92
1500;482;28;63,94
1499;483;28;64,04
1498;484;28;64,08
1497;485;28;64,1
1496;486;28;64,16
1495;487;28;64,26
1495;486;28;64,28
1495;486;29;64,28
1494;487;29;64,32
1493;488;29;64,32
1492;489;29;64,34
1491;490;29;64,42
1490;491;29;64,44
1489;492;29;64,48
1488;493;29;64,5
1487;494;29;64,52
1486;495;29;64,56
1485;496;29;64,58
1484;497;29;64,58
1483;498;29;64,6
1482;499;29;64,62
1481;500;29;64,62
1480;501;29;64,62
1479;502;29;64,62
1478;503;29;64,68
1477;504;29;64,68
1476;505;29;64,68
1475;506;29;64,78
1474;507;29;64,84
1473;508;29;64,86
1472;509;29;64,88
1471;510;29;64,92
1471;509;29;65
1471;509;30;65
1470;510;30;65,08
1469;511;30;65,16
1468;512;30;65,16
1467;513;30;65,2
1466;514;30;65,22
1465;515;30;65,24
1464;516;30;65,34
1463;517;30;65,38
1462;518;30;65,44
1462;517;30;65,56
1462;517;31;65,56
1461;518;31;65,56
1460;519;31;65,62
1459;520;31;65,62
1458;521;31;65,64
1457;522;31;65,72
1456;523;31;65,72
1455;524;31;65,74
1454;525;31;65,76
1453;526;31;65,78
1452;527;31;65,84
1451;528;31;65,86
1450;529;31;65,86
1449;530;31;65,92
1448;531;31;65,92
1447;532;31;65,98
1446;533;31;65,98
1445;534;31;65,98
1444;535;31;66
1443;536;31;66,02
1442;537;31;66,02
1441;538;31;66,02
1440;539;31;66,04
1439;540;31;66,08
1438;541;31;66,1
1437;542;31;66,16
1436;543;31;66,18
1435;544;31;66,2
1434;545;31;66,22
1433;546;31;66,26
1432;547;31;66,4
1431;548;31;66,46
1430;549;31;66,48
1429;550;31;66,52
1428;551;31;66,62
1427;552;31;66,62
1426;553;31;66,64
1425;554;31;66,66
1424;555;31;66,72
1423;556;31;66,74
1422;557;31;66,82
1421;558;31;66,84
1420;559;31;66,86
1419;560;31;66,92
1418;561;31;67
1417;562;31;67,02
1416;563;31;67,06
1415;564;31;67,1
1414;565;31;67,12
1413;566;31;67,16
1412;567;31;67,18
1411;568;31;67,2
1410;569;31;67,2
1409;570;31;67,2
1408;571;31;67,22
1407;572;31;67,24
1406;573;31;67,28
1405;574;31;67,34
1404;575;31;67,36
1403;576;31;67,38
1402;577;31;67,44
1401;578;31;67,48
1401;577;31;67,5
1401;577;32;67,5
1400;578;32;67,5
1399;579;32;67,56
1398;580;32;67,58
1397;581;32;67,6
1396;582;32;67,62
1395;583;32;67,64
1394;584;32;67,64
1393;585;32;67,7
1392;586;32;67,7
1391;587;32;67,7
1390;588;32;67,74
1389;589;32;67,74
1388;590;32;67,78
1387;591;32;67,8
1386;592;32;67,84
1385;593;32;67,9
1384;594;32;68,12
1383;595;32;68,12
1382;596;32;68,12
1381;597;32;68,14
1380;598;32;68,16
1379;599;32;68,16
1378;600;32;68,2
1377;601;32;68,22
1376;602;32;68,24
1376;601;32;68,26
1376;601;33;68,26
1375;602;33;68,28
1374;603;33;68,32
1373;604;33;68,36
1372;605;33;68,38
1371;606;33;68,4
1370;607;33;68,4
1369;608;33;68,4
1368;609;33;68,42
1367;610;33;68,42
1366;611;33;68,42
1365;612;33;68,46
1364;613;33;68,54
1363;614;33;68,62
1362;615;33;68,66
1361;616;33;68,66
1360;617;33;68,68
1359;618;33;68,7
1359;617;33;68,74
1359;617;34;68,74
1359;616;34;68,74
1359;616;35;68,74
1358;617;35;68,76
1357;618;35;68,8
1356;619;35;68,86
1355;620;35;68,96
1354;621;35;69,06
1353;622;35;69,14
1353;621;35;69,18
1353;621;36;69,18
1352;622;36;69,2
1351;623;36;69,22
1350;624;36;69,22
1349;625;36;69,26
1349;624;36;69,32
1349;624;37;69,32
1348;625;37;69,38
1347;626;37;69,38
1346;627;37;69,42
1345;628;37;69,42
1344;629;37;69,46
1343;630;37;69,5
1343;629;37;69,58
1343;629;38;69,58
1342;630;38;69,58
1341;631;38;69,6
1340;632;38;69,62
1339;633;38;69,64
1338;634;38;69,7
1337;635;38;69,76
1336;636;38;69,8
1335;637;38;69,82
1334;638;38;69,9
1333;639;38;69,96
1332;640;38;69,98
1331;641;38;69,98
1330;642;38;69,98
1329;643;38;69,98
1328;644;38;70,04
1327;645;38;70,08
1326;646;38;70,16
1325;647;38;70,16
1324;648;38;70,16
1323;649;38;70,18
1322;650;38;70,38
1321;651;38;70,42
1320;652;38;70,42
1319;653;38;70,46
1318;654;38;70,52
1317;655;38;70,58
1317;654;38;70,64
1317;654;39;70,64
1316;655;39;70,64
1315;656;39;70,66
1314;657;39;70,68
1314;656;39;70,7
1314;656;40;70,7
1313;657;40;70,8
1312;658;40;70,84
1312;657;40;70,88
1312;657;41;70,88
1311;658;41;70,92
1310;659;41;70,94
1309;660;41;70,94
1308;661;41;70,96
1307;662;41;71
1306;663;41;71,02
1305;664;41;71,04
1304;665;41;71,06
1303;666;41;71,06
1302;667;41;71,12
1301;668;41;71,14
1300;669;41;71,16
1299;670;41;71,2
1298;671;41;71,2
1298;670;41;71,22
1298;670;42;71,22
1297;671;42;71,26
1297;670;42;71,28
1297;670;43;71,28
1296;671;43;71,28
1295;672;43;71,3
1294;673;43;71,32
1293;674;43;71,34
1292;675;43;71,34
1291;676;43;71,38
1290;677;43;71,4
1289;678;43;71,4
1288;679;43;71,46
1287;680;43;71,5
1286;681;43;71,5
1285;682;43;71,52
1284;683;43;71,58
1283;684;43;71,66
1282;685;43;71,68
1281;686;43;71,72
1280;687;43;71,72
1280;686;43;71,76
1280;686;44;71,76
1279;687;44;71,76
1278;688;44;71,78
1277;689;44;71,78
1276;690;44;71,8
1275;691;44;71,82
1274;692;44;71,82
1273;693;44;71,84
1272;694;44;71,9
1271;695;44;71,92
1270;696;44;71,96
1269;697;44;71,98
1268;698;44;71,98
1267;699;44;72
1266;700;44;72,02
1266;699;44;72,08
1266;699;45;72,08
1265;700;45;72,08
1264;701;45;72,16
1263;702;45;72,24
1262;703;45;72,26
1261;704;45;72,3
1260;705;45;72,32
1259;706;45;72,36
1258;707;45;72,38
1257;708;45;72,42
1256;709;45;72,42
1255;710;45;72,42
1254;711;45;72,44
1253;712;45;72,48
1252;713;45;72,5
1251;714;45;72,5
1250;715;45;72,52
1249;716;45;72,58
1248;717;45;72,6
1247;718;45;72,66
1246;719;45;72,7
1245;720;45;72,72
1244;721;45;72,76
1243;722;45;72,8
1242;723;45;72,82
1241;724;45;72,84
1240;725;45;72,84
1239;726;45;72,92
1238;727;45;72,96
1237;728;45;73,02
1236;729;45;73,04
1235;730;45;73,1
1234;731;45;73,1
1233;732;45;73,26
1232;733;45;73,28
1231;734;45;73,3
1230;735;45;73,32
1229;736;45;73,32
1228;737;45;73,32
1227;738;45;73,34
1226;739;45;73,34
1225;740;45;73,4
1224;741;45;73,44
1223;742;45;73,5
1222;743;45;73,5
1222;742;45;73,52
1222;742;46;73,52
1221;743;46;73,54
1221;742;46;73,56
1221;742;47;73,56
1220;743;47;73,58
1219;744;47;73,64
1218;745;47;73,66
1217;746;47;73,68
1216;747;47;73,72
1215;748;47;73,72
1214;749;47;73,82
1213;750;47;73,82
1213;749;47;73,92
1213;749;48;73,92
1212;750;48;73,96
1212;749;48;73,98
1212;749;49;73,98
1211;750;49;73,98
1210;751;49;74,02
1209;752;49;74,02
1208;753;49;74,04
1207;754;49;74,06
1206;755;49;74,06
1205;756;49;74,12
1204;757;49;74,2
1203;758;49;74,2
1202;759;49;74,2
1201;760;49;74,28
1200;761;49;74,3
1199;762;49;74,44
1198;763;49;74,48
1197;764;49;74,48
1196;765;49;74,52
1195;766;49;74,52
1194;767;49;74,52
1193;768;49;74,54
1192;769;49;74,56
1191;770;49;74,72
1190;771;49;74,74
1189;772;49;74,8
1188;773;49;74,8
1187;774;49;74,88
1186;775;49;74,88
1185;776;49;74,9
1184;777;49;75
1183;778;49;75,02
1182;779;49;75,02
1181;780;49;75,08
1180;781;49;75,1
1179;782;49;75,1
1179;781;49;75,2
1179;781;50;75,2
1178;782;50;75,2
1178;781;50;75,24
1178;781;51;75,24
1177;782;51;75,34
1176;783;51;75,36
1175;784;51;75,42
1174;785;51;75,46
1173;786;51;75,46
1173;785;51;75,48
1173;785;52;75,48
1172;786;52;75,52
1171;787;52;75,52
1170;788;52;75,56
1169;789;52;75,56
1168;790;52;75,56
1168;789;52;75,58
1168;789;53;75,58
1167;790;53;75,58
1166;791;53;75,62
1165;792;53;75,64
1164;793;53;75,68
1164;792;53;75,7
1164;792;54;75,7
1163;793;54;75,7
1162;794;54;75,7
1161;795;54;75,7
1160;796;54;75,74
1159;797;54;75,86
1158;798;54;75,9
1157;799;54;75,92
1156;800;54;75,94
1155;801;54;75,94
1155;800;54;75,96
1155;800;55;75,96
1154;801;55;76,02
1154;800;55;76,1
1154;800;56;76,1
1153;801;56;76,1
1152;802;56;76,12
1151;803;56;76,12
1151;802;56;76,14
1151;802;57;76,14
1150;803;57;76,16
1149;804;57;76,2
1148;805;57;76,3
1147;806;57;76,34
1146;807;57;76,36
1145;808;57;76,4
1144;809;57;76,4
1144;808;57;76,44
1144;808;58;76,44
1143;809;58;76,48
1142;810;58;76,5
1141;811;58;76,52
1140;812;58;76,52
1139;813;58;76,56
1138;814;58;76,58
1137;815;58;76,74
1136;816;58;76,78
1135;817;58;76,9
1134;818;58;76,92
1133;819;58;76,92
1132;820;58;76,94
1131;821;58;76,94
1130;822;58;76,98
1129;823;58;77,08
1128;824;58;77,08
1127;825;58;77,08
1126;826;58;77,08
1126;825;58;77,12
1126;825;59;77,12
1125;826;59;77,16
1124;827;59;77,2
1123;828;59;77,28
1122;829;59;77,3
1121;830;59;77,34
1120;831;59;77,4
1119;832;59;77,48
1119;831;59;77,56
1119;831;60;77,56
1118;832;60;77,56
1117;833;60;77,6
1116;834;60;77,66
1115;835;60;77,72
1114;836;60;77,74
1113;837;60;77,8
1112;838;60;77,84
1111;839;60;77,86
1110;840;60;77,9
1109;841;60;77,9
1108;842;60;77,9
1107;843;60;77,96
1106;844;60;78
1105;845;60;78,04
1104;846;60;78,1
1103;847;60;78,12
1102;848;60;78,12
1101;849;60;78,12
1101;848;60;78,14
1101;848;61;78,14
1100;849;61;78,14
1099;850;61;78,16
1098;851;61;78,16
1097;852;61;78,22
1096;853;61;78,3
1095;854;61;78,32
1094;855;61;78,34
1094;854;61;78,44
1094;854;62;78,44
1094;853;62;78,44
1094;853;63;78,44
1093;854;63;78,44
1092;855;63;78,46
1091;856;63;78,5
1090;857;63;78,54
1089;858;63;78,68
1088;859;63;78,72
1087;860;63;78,72
1086;861;63;78,78
1086;860;63;78,8
1086;860;64;78,8
1085;861;64;78,88
1084;862;64;79,04
1083;863;64;79,04
1082;864;64;79,04
1081;865;64;79,06
1080;866;64;79,08
1079;867;64;79,1
1078;868;64;79,16
1077;869;64;79,22
1076;870;64;79,26
1075;871;64;79,26
1074;872;64;79,28
1073;873;64;79,32
1072;874;64;79,32
1071;875;64;79,38
1070;876;64;79,4
1069;877;64;79,42
1068;878;64;79,42
1067;879;64;79,44
1066;880;64;79,46
1065;881;64;79,52
1065;880;64;79,54
1065;880;65;79,54
1064;881;65;79,64
1063;882;65;79,66
1062;883;65;79,68
1061;884;65;79,7
1060;885;65;79,74
1059;886;65;79,82
1058;887;65;79,84
1057;888;65;79,88
1057;887;65;79,96
1057;887;66;79,96
1056;888;66;80,06
1055;889;66;80,06
1054;890;66;80,08
1053;891;66;80,08
1052;892;66;80,16
1051;893;66;80,2
1050;894;66;80,2
1049;895;66;80,22
1048;896;66;80,24
1047;897;66;80,3
1046;898;66;80,34
1045;899;66;80,4
1044;900;66;80,42
1043;901;66;80,42
1042;902;66;80,46
1041;903;66;80,56
1040;904;66;80,58
1039;905;66;80,58
1039;904;66;80,64
1039;904;67;80,64
1038;905;67;80,68
1038;904;67;80,7
1038;904;68;80,7
1037;905;68;80,72
1036;906;68;80,74
1036;905;68;80,8
1036;905;69;80,8
1035;906;69;80,8
1035;905;69;80,84
1035;905;70;80,84
1034;906;70;80,84
1033;907;70;80,9
1032;908;70;80,98
1031;909;70;81,04
1031;908;70;81,1
1031;908;71;81,1
1031;907;71;81,12
1031;907;72;81,12
1030;908;72;81,12
1029;909;72;81,14
1028;910;72;81,18
1027;911;72;81,2
1026;912;72;81,22
1025;913;72;81,22
1024;914;72;81,24
1023;915;72;81,24
1023;914;72;81,26
1023;914;73;81,26
1023;913;73;81,28
1023;913;74;81,28
1022;914;74;81,32
1022;913;74;81,34
1022;913;75;81,34
1022;912;75;81,34
1022;912;76;81,34
1021;913;76;81,34
1020;914;76;81,36
1019;915;76;81,4
1018;916;76;81,48
1017;917;76;81,48
1016;918;76;81,52
1015;919;76;81,52
1014;920;76;81,54
1013;921;76;81,54
1012;922;76;81,54
1012;921;76;81,56
1012;921;77;81,56
1011;922;77;81,56
1010;923;77;81,58
1009;924;77;81,58
1008;925;77;81,62
1007;926;77;81,62
1006;927;77;81,64
1005;928;77;81,64
1004;929;77;81,66
1003;930;77;81,7
1002;931;77;81,78
1001;932;77;81,84
1000;933;77;81,88
1000;932;77;81,9
1000;932;78;81,9
1000;931;78;81,92
1000;931;79;81,92
999;932;79;81,92
998;933;79;82
997;934;79;82,02
996;935;79;82,04
995;936;79;82,04
994;937;79;82,06
993;938;79;82,08
992;939;79;82,1
991;940;79;82,14
990;941;79;82,18
989;942;79;82,24
988;943;79;82,3
987;944;79;82,32
986;945;79;82,34
985;946;79;82,4
984;947;79;82,42
983;948;79;82,42
982;949;79;82,42
981;950;79;82,44
980;951;79;82,46
979;952;79;82,5
978;953;79;82,54
977;954;79;82,56
976;955;79;82,58
975;956;79;82,6
974;957;79;82,64
973;958;79;82,72
972;959;79;82,76
971;960;79;82,76
970;961;79;82,8
970;960;79;82,84
970;960;80;82,84
969;961;80;82,88
968;962;80;82,9
967;963;80;82,98
966;964;80;83
965;965;80;83,02
964;966;80;83,04
963;967;80;83,08
962;968;80;83,2
961;969;80;83,22
960;970;80;83,32
959;971;80;83,36
959;970;80;83,38
959;970;81;83,38
958;971;81;83,38
957;972;81;83,48
957;971;81;83,52
957;971;82;83,52
956;972;82;83,54
955;973;82;83,58
955;972;82;83,64
955;972;83;83,64
954;973;83;83,64
953;974;83;83,68
952;975;83;83,68
951;976;83;83,68
950;977;83;83,82
949;978;83;83,82
948;979;83;83,86
947;980;83;83,9
946;981;83;83,92
945;982;83;83,92
944;983;83;84,02
943;984;83;84,04
942;985;83;84,06
942;984;83;84,1
942;984;84;84,1
941;985;84;84,1
940;986;84;84,14
939;987;84;84,16
938;988;84;84,24
937;989;84;84,3
937;988;84;84,32
937;988;85;84,32
936;989;85;84,34
935;990;85;84,34
934;991;85;84,46
933;992;85;84,52
932;993;85;84,62
931;994;85;84,66
930;995;85;84,66
929;996;85;84,72
929;995;85;84,8
929;995;86;84,8
928;996;86;84,98
927;997;86;84,98
926;998;86;85,04
925;999;86;85,04
924;1000;86;85,08
923;1001;86;85,08
922;1002;86;85,08
921;1003;86;85,16
920;1004;86;85,18
919;1005;86;85,2
918;1006;86;85,2
918;1005;86;85,26
918;1005;87;85,26
917;1006;87;85,26
917;1005;87;85,28
917;1005;88;85,28
916;1006;88;85,28
915;1007;88;85,3
914;1008;88;85,32
913;1009;88;85,36
912;1010;88;85,36
911;1011;88;85,36
910;1012;88;85,4
909;1013;88;85,44
908;1014;88;85,5
907;1015;88;85,52
906;1016;88;85,54
906;1015;88;85,68
906;1015;89;85,68
906;1014;89;85,76
906;1014;90;85,76
905;1015;90;85,76
904;1016;90;85,78
903;1017;90;85,86
902;1018;90;85,94
901;1019;90;85,96
900;1020;90;85,96
899;1021;90;85,98
898;1022;90;85,98
897;1023;90;86,02
896;1024;90;86,06
896;1023;90;86,26
896;1023;91;86,26
895;1024;91;86,3
894;1025;91;86,3
893;1026;91;86,32
893;1025;91;86,44
893;1025;92;86,44
893;1024;92;86,44
893;1024;93;86,44
892;1025;93;86,44
891;1026;93;86,54
890;1027;93;86,66
889;1028;93;86,7
888;1029;93;86,74
887;1030;93;86,78
886;1031;93;86,82
885;1032;93;86,88
884;1033;93;86,94
883;1034;93;86,96
882;1035;93;86,98
882;1034;93;87,04
882;1034;94;87,04
881;1035;94;87,06
881;1034;94;87,1
881;1034;95;87,1
880;1035;95;87,16
879;1036;95;87,18
878;1037;95;87,2
877;1038;95;87,3
876;1039;95;87,38
875;1040;95;87,38
874;1041;95;87,38
874;1040;95;87,44
874;1040;96;87,44
873;1041;96;87,44
872;1042;96;87,46
871;1043;96;87,48
870;1044;96;87,68
870;1043;96;87,76
870;1043;97;87,76
869;1044;97;87,76
868;1045;97;87,76
868;1044;97;87,78
868;1044;98;87,78
868;1043;98;88,04
868;1043;99;88,04
867;1044;99;88,1
866;1045;99;88,16
865;1046;99;88,24
864;1047;99;88,24
864;1046;99;88,3
864;1046;100;88,3
863;1047;100;88,3
863;1046;100;88,32
863;1046;101;88,32
863;1045;101;88,36
863;1045;102;88,36
862;1046;102;88,36
861;1047;102;88,4
861;1046;102;88,46
861;1046;103;88,46
860;1047;103;88,54
859;1048;103;88,56
858;1049;103;88,56
857;1050;103;88,6
856;1051;103;88,64
855;1052;103;88,64
854;1053;103;88,64
854;1052;103;88,7
854;1052;104;88,7
854;1051;104;88,94
854;1051;105;88,94
853;1052;105;89,02
852;1053;105;89,04
851;1054;105;89,08
851;1053;105;89,1
851;1053;106;89,1
851;1052;106;89,14
851;1052;107;89,14
850;1053;107;89,14
850;1052;107;89,2
850;1052;108;89,2
849;1053;108;89,2
848;1054;108;89,22
847;1055;108;89,34
846;1056;108;89,36
845;1057;108;89,36
844;1058;108;89,36
844;1057;108;89,42
844;1057;109;89,42
843;1058;109;89,44
842;1059;109;89,44
841;1060;109;89,5
840;1061;109;89,52
839;1062;109;89,52
838;1063;109;89,54
837;1064;109;89,6
836;1065;109;89,62
835;1066;109;89,72
835;1065;109;89,86
835;1065;110;89,86
834;1066;110;89,88
833;1067;110;89,94
832;1068;110;89,98
831;1069;110;89,98
830;1070;110;90,02
830;1069;110;90,1
830;1069;111;90,1
830;1068;111;90,1
830;1068;112;90,1
829;1069;112;90,14
828;1070;112;90,22
827;1071;112;90,24
826;1072;112;90,28
825;1073;112;90,38
824;1074;112;90,4
823;1075;112;90,52
823;1074;112;90,58
823;1074;113;90,58
822;1075;113;90,64
821;1076;113;90,64
820;1077;113;90,68
820;1076;113;90,72
820;1076;114;90,72
820;1075;114;90,76
820;1075;115;90,76
819;1076;115;90,76
818;1077;115;90,76
817;1078;115;90,78
816;1079;115;90,8
815;1080;115;90,82
815;1079;115;90,88
815;1079;116;90,88
814;1080;116;90,88
813;1081;116;91,02
813;1080;116;91,06
813;1080;117;91,06
812;1081;117;91,1
811;1082;117;91,16
810;1083;117;91,18
809;1084;117;91,2
808;1085;117;91,24
807;1086;117;91,26
807;1085;117;91,34
807;1085;118;91,34
806;1086;118;91,36
806;1085;118;91,42
806;1085;119;91,42
805;1086;119;91,44
805;1085;119;91,54
805;1085;120;91,54
804;1086;120;91,56
803;1087;120;91,6
802;1088;120;91,6
801;1089;120;91,6
800;1090;120;91,62
799;1091;120;91,66
798;1092;120;91,66
798;1091;120;91,68
798;1091;121;91,68
798;1090;121;91,74
798;1090;122;91,74
797;1091;122;91,76
796;1092;122;91,76
795;1093;122;91,84
794;1094;122;91,94
794;1093;122;91,96
794;1093;123;91,96
793;1094;123;92,02
792;1095;123;92,14
791;1096;123;92,14
791;1095;123;92,16
791;1095;124;92,16
790;1096;124;92,16
789;1097;124;92,2
788;1098;124;92,22
788;1097;124;92,26
788;1097;125;92,26
787;1098;125;92,26
786;1099;125;92,32
785;1100;125;92,36
785;1099;125;92,4
785;1099;126;92,4
785;1098;126;92,4
785;1098;127;92,4
785;1097;127;92,44
785;1097;128;92,44
784;1098;128;92,48
783;1099;128;92,48
783;1098;128;92,56
783;1098;129;92,56
782;1099;129;92,6
781;1100;129;92,66
780;1101;129;92,66
780;1100;129;92,76
780;1100;130;92,76
779;1101;130;92,84
778;1102;130;92,88
777;1103;130;92,94
777;1102;130;93
777;1102;131;93
776;1103;131;93,1
776;1102;131;93,12
776;1102;132;93,12
776;1101;132;93,22
776;1101;133;93,22
775;1102;133;93,28
774;1103;133;93,3
773;1104;133;93,32
772;1105;133;93,34
771;1106;133;93,34
770;1107;133;93,4
770;1106;133;93,46
770;1106;134;93,46
770;1105;134;93,46
770;1105;135;93,46
769;1106;135;93,5
768;1107;135;93,5
768;1106;135;93,52
768;1106;136;93,52
767;1107;136;93,64
766;1108;136;93,64
766;1107;136;93,68
766;1107;137;93,68
765;1108;137;93,68
764;1109;137;93,7
764;1108;137;93,76
764;1108;138;93,76
763;1109;138;93,78
762;1110;138;93,86
761;1111;138;93,96
761;1110;138;94,18
761;1110;139;94,18
760;1111;139;94,34
760;1110;139;94,48
760;1110;140;94,48
759;1111;140;94,56
759;1110;140;94,58
759;1110;141;94,58
758;1111;141;94,6
758;1110;141;94,62
758;1110;142;94,62
758;1109;142;94,66
758;1109;143;94,66
757;1110;143;94,7
756;1111;143;94,7
756;1110;143;94,72
756;1110;144;94,72
755;1111;144;94,76
754;1112;144;94,8
754;1111;144;94,86
754;1111;145;94,86
753;1112;145;94,88
753;1111;145;94,92
753;1111;146;94,92
752;1112;146;95,02
751;1113;146;95,04
750;1114;146;95,06
750;1113;146;95,14
750;1113;147;95,14
749;1114;147;95,18
749;1113;147;95,2
749;1113;148;95,2
748;1114;148;95,22
748;1113;148;95,26
748;1113;149;95,26
748;1112;149;95,4
748;1112;150;95,4
747;1113;150;95,64
746;1114;150;95,74
745;1115;150;95,74
744;1116;150;95,76
743;1117;150;95,78
742;1118;150;95,82
741;1119;150;95,86
740;1120;150;95,88
739;1121;150;95,9
739;1120;150;95,92
739;1120;151;95,92
738;1121;151;95,96
737;1122;151;96,08
736;1123;151;96,1
735;1124;151;96,14
734;1125;151;96,16
733;1126;151;96,16
732;1127;151;96,26
731;1128;151;96,28
731;1127;151;96,3
731;1127;152;96,3
731;1126;152;96,36
731;1126;153;96,36
731;1125;153;96,36
731;1125;154;96,36
730;1126;154;96,36
730;1125;154;96,46
730;1125;155;96,46
729;1126;155;96,5
728;1127;155;96,5
727;1128;155;96,54
726;1129;155;96,58
725;1130;155;96,66
724;1131;155;96,66
724;1130;155;96,68
724;1130;156;96,68
723;1131;156;96,76
722;1132;156;96,76
722;1131;156;96,78
722;1131;157;96,78
722;1130;157;96,84
722;1130;158;96,84
721;1131;158;96,86
721;1130;158;96,88
721;1130;159;96,88
721;1129;159;97,06
721;1129;160;97,06
721;1128;160;97,08
721;1128;161;97,08
720;1129;161;97,08
719;1130;161;97,08
719;1129;161;97,2
719;1129;162;97,2
719;1128;162;97,2
719;1128;163;97,2
718;1129;163;97,24
718;1128;163;97,26
718;1128;164;97,26
717;1129;164;97,28
716;1130;164;97,32
716;1129;164;97,46
716;1129;165;97,46
715;1130;165;97,52
714;1131;165;97,52
713;1132;165;97,58
713;1131;165;97,6
713;1131;166;97,6
712;1132;166;97,7
711;1133;166;97,76
710;1134;166;97,82
709;1135;166;97,84
708;1136;166;97,9
708;1135;166;97,94
708;1135;167;97,94
708;1134;167;97,96
708;1134;168;97,96
708;1133;168;97,98
708;1133;169;97,98
708;1132;169;98,06
708;1132;170;98,06
707;1133;170;98,06
706;1134;170;98,12
705;1135;170;98,24
705;1134;170;98,26
705;1134;171;98,26
704;1135;171;98,28
704;1134;171;98,3
704;1134;172;98,3
703;1135;172;98,4
702;1136;172;98,42
702;1135;172;98,46
702;1135;173;98,46
701;1136;173;98,56
701;1135;173;98,6
701;1135;174;98,6
700;1136;174;98,6
699;1137;174;98,62
699;1136;174;98,68
699;1136;175;98,68
698;1137;175;98,68
697;1138;175;98,7
696;1139;175;98,72
695;1140;175;98,72
695;1139;175;98,86
695;1139;176;98,86
694;1140;176;98,88
694;1139;176;98,94
694;1139;177;98,94
693;1140;177;98,98
692;1141;177;99
692;1140;177;99,1
692;1140;178;99,1
691;1141;178;99,12
691;1140;178;99,16
691;1140;179;99,16
690;1141;179;99,18
690;1140;179;99,2
690;1140;180;99,2
690;1139;180;99,22
690;1139;181;99,22
690;1138;181;99,22
690;1138;182;99,22
690;1137;182;99,22
690;1137;183;99,22
689;1138;183;99,34
688;1139;183;99,38
687;1140;183;99,38
686;1141;183;99,48
686;1140;183;99,5
686;1140;184;99,5
685;1141;184;99,5
684;1142;184;99,5
683;1143;184;99,52
683;1142;184;99,54
683;1142;185;99,54
682;1143;185;99,6
681;1144;185;99,66
681;1143;185;99,7
681;1143;186;99,7
680;1144;186;99,76
679;1145;186;99,78
678;1146;186;99,8
678;1145;186;99,84
678;1145;187;99,84
678;1144;187;99,94
678;1144;188;99,94
677;1145;188;99,98
676;1146;188;100
675;1147;188;100,04
675;1146;188;100,08
675;1146;189;100,08
674;1147;189;100,1
674;1146;189;100,18
674;1146;190;100,18
674;1145;190;100,34
674;1145;191;100,34
673;1146;191;100,4
672;1147;191;100,42
672;1146;191;100,44
672;1146;192;100,44
672;1145;192;100,48
672;1145;193;100,48
672;1144;193;100,48
672;1144;194;100,48
672;1143;194;100,5
672;1143;195;100,5
672;1142;195;100,52
672;1142;196;100,52
672;1141;196;100,52
672;1141;197;100,52
672;1140;197;100,54
672;1140;198;100,54
672;1139;198;100,58
672;1139;199;100,58
671;1140;199;100,58
671;1139;199;100,62
671;1139;200;100,62
671;1138;200;100,68
671;1138;201;100,68
671;1137;201;100,74
671;1137;202;100,74
670;1138;202;100,8
670;1137;202;100,84
670;1137;203;100,84
670;1136;203;100,84
670;1136;204;100,84
669;1137;204;100,9
668;1138;204;100,9
667;1139;204;100,96
667;1138;204;100,98
667;1138;205;100,98
667;1137;205;101,04
667;1137;206;101,04
666;1138;206;101,04
666;1137;206;101,1
666;1137;207;101,1
665;1138;207;101,18
665;1137;207;101,22
665;1137;208;101,22
664;1138;208;101,26
664;1137;208;101,3
664;1137;209;101,3
664;1136;209;101,34
664;1136;210;101,34
663;1137;210;101,36
663;1136;210;101,42
663;1136;211;101,42
663;1135;211;101,44
663;1135;212;101,44
662;1136;212;101,46
661;1137;212;101,54
660;1138;212;101,62
659;1139;212;101,64
659;1138;212;101,66
659;1138;213;101,66
658;1139;213;101,66
657;1140;213;101,66
657;1139;213;101,68
657;1139;214;101,68
657;1138;214;101,72
657;1138;215;101,72
657;1137;215;101,72
657;1137;216;101,72
656;1138;216;101,78
655;1139;216;101,8
654;1140;216;101,92
654;1139;216;101,96
654;1139;217;101,96
653;1140;217;102
653;1139;217;102,02
653;1139;218;102,02
653;1138;218;102,02
653;1138;219;102,02
653;1137;219;102,04
653;1137;220;102,04
652;1138;220;102,06
652;1137;220;102,08
652;1137;221;102,08
652;1136;221;102,1
652;1136;222;102,1
651;1137;222;102,12
651;1136;222;102,16
651;1136;223;102,16
651;1135;223;102,24
651;1135;224;102,24
651;1134;224;102,26
651;1134;225;102,26
651;1133;225;102,28
651;1133;226;102,28
650;1134;226;102,3
649;1135;226;102,32
649;1134;226;102,36
649;1134;227;102,36
648;1135;227;102,36
648;1134;227;102,42
648;1134;228;102,42
648;1133;228;102,42
648;1133;229;102,42
648;1132;229;102,46
648;1132;230;102,46
648;1131;230;102,48
648;1131;231;102,48
648;1130;231;102,48
648;1130;232;102,48
648;1129;232;102,48
648;1129;233;102,48
647;1130;233;102,54
646;1131;233;102,54
646;1130;233;102,56
646;1130;234;102,56
646;1129;234;102,58
646;1129;235;102,58
646;1128;235;102,62
646;1128;236;102,62
645;1129;236;102,64
644;1130;236;102,72
644;1129;236;102,76
644;1129;237;102,76
644;1128;237;102,78
644;1128;238;102,78
644;1127;238;102,82
644;1127;239;102,82
643;1128;239;102,82
642;1129;239;102,82
642;1128;239;102,84
642;1128;240;102,84
642;1127;240;102,86
642;1127;241;102,86
642;1126;241;102,92
642;1126;242;102,92
642;1125;242;102,96
642;1125;243;102,96
642;1124;243;102,98
642;1124;244;102,98
642;1123;244;103,02
642;1123;245;103,02
641;1124;245;103,02
641;1123;245;103,06
641;1123;246;103,06
640;1124;246;103,06
640;1123;246;103,08
640;1123;247;103,08
640;1122;247;103,12
640;1122;248;103,12
640;1121;248;103,12
640;1121;249;103,12
640;1120;249;103,22
640;1120;250;103,22
639;1121;250;103,22
638;1122;250;103,26
637;1123;250;103,26
636;1124;250;103,36
635;1125;250;103,36
634;1126;250;103,38
634;1125;250;103,42
634;1125;251;103,42
634;1124;251;103,44
634;1124;252;103,44
633;1125;252;103,54
632;1126;252;103,54
632;1125;252;103,56
632;1125;253;103,56
632;1124;253;103,6
632;1124;254;103,6
632;1123;254;103,6
632;1123;255;103,6
632;1122;255;103,6
632;1122;256;103,6
631;1123;256;103,6
631;1122;256;103,64
631;1122;257;103,64
630;1123;257;103,66
629;1124;257;103,68
629;1123;257;103,7
629;1123;258;103,7
628;1124;258;103,72
627;1125;258;103,72
627;1124;258;103,74
627;1124;259;103,74
626;1125;259;103,84
626;1124;259;103,86
626;1124;260;103,86
625;1125;260;103,9
624;1126;260;103,92
624;1125;260;103,96
624;1125;261;103,96
623;1126;261;103,96
622;1127;261;103,98
622;1126;261;104
622;1126;262;104
622;1125;262;104,06
622;1125;263;104,06
622;1124;263;104,08
622;1124;264;104,08
622;1123;264;104,08
622;1123;265;104,08
622;1122;265;104,1
622;1122;266;104,1
622;1121;266;104,1
622;1121;267;104,1
621;1122;267;104,14
621;1121;267;104,2
621;1121;268;104,2
621;1120;268;104,22
621;1120;269;104,22
620;1121;269;104,24
620;1120;269;104,26
620;1120;270;104,26
620;1119;270;104,3
620;1119;271;104,3
620;1118;271;104,32
620;1118;272;104,32
620;1117;272;104,32
620;1117;273;104,32
620;1116;273;104,42
620;1116;274;104,42
620;1115;274;104,42
620;1115;275;104,42
620;1114;275;104,52
620;1114;276;104,52
619;1115;276;104,52
618;1116;276;104,54
617;1117;276;104,54
617;1116;276;104,66
617;1116;277;104,66
617;1115;277;104,7
617;1115;278;104,7
617;1114;278;104,82
617;1114;279;104,82
617;1113;279;104,82
617;1113;280;104,82
617;1112;280;104,84
617;1112;281;104,84
616;1113;281;104,88
616;1112;281;104,92
616;1112;282;104,92
616;1111;282;104,92
616;1111;283;104,92
615;1112;283;104,92
615;1111;283;104,96
615;1111;284;104,96
614;1112;284;105,02
614;1111;284;105,18
614;1111;285;105,18
614;1110;285;105,18
614;1110;286;105,18
613;1111;286;105,22
612;1112;286;105,24
612;1111;286;105,3
612;1111;287;105,3
612;1110;287;105,34
612;1110;288;105,34
611;1111;288;105,38
611;1110;288;105,42
611;1110;289;105,42
611;1109;289;105,42
611;1109;290;105,42
611;1108;290;105,44
611;1108;291;105,44
611;1107;291;105,48
611;1107;292;105,48
611;1106;292;105,48
611;1106;293;105,48
611;1105;293;105,48
611;1105;294;105,48
611;1104;294;105,5
611;1104;295;105,5
611;1103;295;105,52
611;1103;296;105,52
610;1104;296;105,54
609;1105;296;105,56
609;1104;296;105,6
609;1104;297;105,6
608;1105;297;105,64
608;1104;297;105,68
608;1104;298;105,68
608;1103;298;105,68
608;1103;299;105,68
607;1104;299;105,74
607;1103;299;105,76
607;1103;300;105,76
607;1102;300;105,86
607;1102;301;105,86
606;1103;301;105,94
606;1102;301;106,02
606;1102;302;106,02
605;1103;302;106,08
604;1104;302;106,16
604;1103;302;106,22
604;1103;303;106,22
604;1102;303;106,28
604;1102;304;106,28
604;1101;304;106,28
604;1101;305;106,28
604;1100;305;106,28
604;1100;306;106,28
604;1099;306;106,32
604;1099;307;106,32
604;1098;307;106,32
604;1098;308;106,32
603;1099;308;106,34
603;1098;308;106,48
603;1098;309;106,48
603;1097;309;106,56
603;1097;310;106,56
603;1096;310;106,56
603;1096;311;106,56
603;1095;311;106,6
603;1095;312;106,6
603;1094;312;106,62
603;1094;313;106,62
603;1093;313;106,64
603;1093;314;106,64
603;1092;314;106,68
603;1092;315;106,68
602;1093;315;106,82
602;1092;315;106,84
602;1092;316;106,84
601;1093;316;106,86
601;1092;316;106,88
601;1092;317;106,88
601;1091;317;106,98
601;1091;318;106,98
601;1090;318;107
601;1090;319;107
601;1089;319;107,06
601;1089;320;107,06
601;1088;320;107,08
601;1088;321;107,08
601;1087;321;107,1
601;1087;322;107,1
601;1086;322;107,12
601;1086;323;107,12
601;1085;323;107,12
601;1085;324;107,12
600;1086;324;107,16
600;1085;324;107,18
600;1085;325;107,18
599;1086;325;107,18
599;1085;325;107,2
599;1085;326;107,2
599;1084;326;107,22
599;1084;327;107,22
598;1085;327;107,22
598;1084;327;107,28
598;1084;328;107,28
598;1083;328;107,4
598;1083;329;107,4
598;1082;329;107,42
598;1082;330;107,42
598;1081;330;107,42
598;1081;331;107,42
598;1080;331;107,44
598;1080;332;107,44
598;1079;332;107,44
598;1079;333;107,44
598;1078;333;107,48
598;1078;334;107,48
598;1077;334;107,5
598;1077;335;107,5
598;1076;335;107,52
598;1076;336;107,52
598;1075;336;107,52
598;1075;337;107,52
598;1074;337;107,58
598;1074;338;107,58
597;1075;338;107,62
596;1076;338;107,64
596;1075;338;107,66
596;1075;339;107,66
595;1076;339;107,74
595;1075;339;107,8
595;1075;340;107,8
594;1076;340;107,98
594;1075;340;108
594;1075;341;108
593;1076;341;108
593;1075;341;108,02
593;1075;342;108,02
593;1074;342;108,02
593;1074;343;108,02
593;1073;343;108,04
593;1073;344;108,04
593;1072;344;108,1
593;1072;345;108,1
593;1071;345;108,1
593;1071;346;108,1
592;1072;346;108,12
592;1071;346;108,16
592;1071;347;108,16
592;1070;347;108,16
592;1070;348;108,16
591;1071;348;108,24
591;1070;348;108,32
591;1070;349;108,32
591;1069;349;108,36
591;1069;350;108,36
591;1068;350;108,38
591;1068;351;108,38
591;1067;351;108,4
591;1067;352;108,4
591;1066;352;108,4
591;1066;353;108,4
591;1065;353;108,44
591;1065;354;108,44
590;1066;354;108,48
590;1065;354;108,52
590;1065;355;108,52
589;1066;355;108,54
589;1065;355;108,58
589;1065;356;108,58
589;1064;356;108,6
589;1064;357;108,6
589;1063;357;108,64
589;1063;358;108,64
589;1062;358;108,66
589;1062;359;108,66
589;1061;359;108,66
589;1061;360;108,66
589;1060;360;108,7
589;1060;361;108,7
589;1059;361;108,72
589;1059;362;108,72
589;1058;362;108,74
589;1058;363;108,74
589;1057;363;108,76
589;1057;364;108,76
589;1056;364;108,76
589;1056;365;108,76
589;1055;365;108,78
589;1055;366;108,78
589;1054;366;108,82
589;1054;367;108,82
588;1055;367;108,9
588;1054;367;108,98
588;1054;368;108,98
588;1053;368;109
588;1053;369;109
588;1052;369;109,04
588;1052;370;109,04
588;1051;370;109,04
588;1051;371;109,04
588;1050;371;109,06
588;1050;372;109,06
588;1049;372;109,06
588;1049;373;109,06
587;1050;373;109,08
587;1049;373;109,1
587;1049;374;109,1
586;1050;374;109,16
586;1049;374;109,2
586;1049;375;109,2
585;1050;375;109,24
585;1049;375;109,26
585;1049;376;109,26
584;1050;376;109,26
583;1051;376;109,32
583;1050;376;109,34
583;1050;377;109,34
582;1051;377;109,36
582;1050;377;109,38
582;1050;378;109,38
581;1051;378;109,4
581;1050;378;109,44
581;1050;379;109,44
581;1049;379;109,48
581;1049;380;109,48
580;1050;380;109,54
580;1049;380;109,58
580;1049;381;109,58
579;1050;381;109,58
579;1049;381;109,6
579;1049;382;109,6
578;1050;382;109,64
577;1051;382;109,7
577;1050;382;109,72
577;1050;383;109,72
577;1049;383;109,74
577;1049;384;109,74
576;1050;384;109,78
576;1049;384;109,82
576;1049;385;109,82
576;1048;385;109,82
576;1048;386;109,82
575;1049;386;109,82
574;1050;386;109,84
574;1049;386;109,88
574;1049;387;109,88
574;1048;387;109,9
574;1048;388;109,9
573;1049;388;109,9
573;1048;388;109,94
573;1048;389;109,94
573;1047;389;109,94
573;1047;390;109,94
573;1046;390;109,94
573;1046;391;109,94
572;1047;391;109,96
571;1048;391;109,98
571;1047;391;110,02
571;1047;392;110,02
571;1046;392;110,02
571;1046;393;110,02
571;1045;393;110,04
571;1045;394;110,04
570;1046;394;110,04
570;1045;394;110,08
570;1045;395;110,08
570;1044;395;110,1
570;1044;396;110,1
569;1045;396;110,1
569;1044;396;110,16
569;1044;397;110,16
569;1043;397;110,16
569;1043;398;110,16
569;1042;398;110,18
569;1042;399;110,18
569;1041;399;110,2
569;1041;400;110,2
569;1040;400;110,22
569;1040;401;110,22
569;1039;401;110,22
569;1039;402;110,22
568;1040;402;110,24
568;1039;402;110,26
568;1039;403;110,26
567;1040;403;110,26
567;1039;403;110,28
567;1039;404;110,28
567;1038;404;110,28
567;1038;405;110,28
567;1037;405;110,3
567;1037;406;110,3
567;1036;406;110,32
567;1036;407;110,32
567;1035;407;110,34
567;1035;408;110,34
567;1034;408;110,36
567;1034;409;110,36
567;1033;409;110,5
567;1033;410;110,5
567;1032;410;110,6
567;1032;411;110,6
566;1033;411;110,6
566;1032;411;110,66
566;1032;412;110,66
566;1031;412;110,68
566;1031;413;110,68
566;1030;413;110,68
566;1030;414;110,68
565;1031;414;110,68
565;1030;414;110,7
565;1030;415;110,7
565;1029;415;110,74
565;1029;416;110,74
565;1028;416;110,8
565;1028;417;110,8
565;1027;417;110,8
565;1027;418;110,8
565;1026;418;110,8
565;1026;419;110,8
565;1025;419;110,82
565;1025;420;110,82
565;1024;420;110,86
565;1024;421;110,86
565;1023;421;110,86
565;1023;422;110,86
565;1022;422;110,86
565;1022;423;110,86
565;1021;423;110,98
565;1021;424;110,98
565;1020;424;111,14
565;1020;425;111,14
565;1019;425;111,16
565;1019;426;111,16
565;1018;426;111,2
565;1018;427;111,2
565;1017;427;111,2
565;1017;428;111,2
565;1016;428;111,22
565;1016;429;111,22
565;1015;429;111,26
565;1015;430;111,26
565;1014;430;111,32
565;1014;431;111,32
564;1015;431;111,36
564;1014;431;111,4
564;1014;432;111,4
564;1013;432;111,42
564;1013;433;111,42
563;1014;433;111,42
562;1015;433;111,44
562;1014;433;111,46
562;1014;434;111,46
562;1013;434;111,46
562;1013;435;111,46
562;1012;435;111,46
562;1012;436;111,46
562;1011;436;111,5
562;1011;437;111,5
562;1010;437;111,52
562;1010;438;111,52
562;1009;438;111,6
562;1009;439;111,6
562;1008;439;111,6
562;1008;440;111,6
562;1007;440;111,6
562;1007;441;111,6
562;1006;441;111,64
562;1006;442;111,64
562;1005;442;111,64
562;1005;443;111,64
562;1004;443;111,7
562;1004;444;111,7
562;1003;444;111,7
562;1003;445;111,7
561;1004;445;111,7
560;1005;445;111,74
560;1004;445;111,78
560;1004;446;111,78
560;1003;446;111,8
560;1003;447;111,8
560;1002;447;111,8
560;1002;448;111,8
560;1001;448;111,8
560;1001;449;111,8
559;1002;449;111,8
559;1001;449;111,84
559;1001;450;111,84
559;1000;450;111,92
559;1000;451;111,92
559;999;451;111,92
559;999;452;111,92
559;998;452;111,94
559;998;453;111,94
559;997;453;111,94
559;997;454;111,94
558;998;454;111,94
558;997;454;111,96
558;997;455;111,96
558;996;455;111,98
558;996;456;111,98
558;995;456;112,02
558;995;457;112,02
557;996;457;112,06
557;995;457;112,1
557;995;458;112,1
557;994;458;112,16
557;994;459;112,16
557;993;459;112,22
557;993;460;112,22
557;992;460;112,22
557;992;461;112,22
557;991;461;112,22
557;991;462;112,22
556;992;462;112,26
556;991;462;112,28
556;991;463;112,28
556;990;463;112,38
556;990;464;112,38
556;989;464;112,4
556;989;465;112,4
555;990;465;112,42
554;991;465;112,42
554;990;465;112,44
554;990;466;112,44
554;989;466;112,44
554;989;467;112,44
554;988;467;112,46
554;988;468;112,46
554;987;468;112,46
554;987;469;112,46
553;988;469;112,54
553;987;469;112,58
553;987;470;112,58
552;988;470;112,6
552;987;470;112,62
552;987;471;112,62
552;986;471;112,7
552;986;472;112,7
552;985;472;112,7
552;985;473;112,7
552;984;473;112,74
552;984;474;112,74
552;983;474;112,76
552;983;475;112,76
552;982;475;112,82
552;982;476;112,82
551;983;476;112,84
551;982;476;112,86
551;982;477;112,86
551;981;477;112,88
551;981;478;112,88
551;980;478;112,88
551;980;479;112,88
551;979;479;112,9
551;979;480;112,9
551;978;480;112,92
551;978;481;112,92
550;979;481;112,92
550;978;481;112,94
550;978;482;112,94
550;977;482;112,98
550;977;483;112,98
550;976;483;113
550;976;484;113
550;975;484;113,02
550;975;485;113,02
549;976;485;113,06
548;977;485;113,06
548;976;485;113,14
548;976;486;113,14
547;977;486;113,16
546;978;486;113,16
546;977;486;113,2
546;977;487;113,2
545;978;487;113,22
545;977;487;113,24
545;977;488;113,24
545;976;488;113,28
545;976;489;113,28
545;975;489;113,34
545;975;490;113,34
545;974;490;113,36
545;974;491;113,36
544;975;491;113,38
544;974;491;113,42
544;974;492;113,42
544;973;492;113,48
544;973;493;113,48
544;972;493;113,5
544;972;494;113,5
544;971;494;113,56
544;971;495;113,56
544;970;495;113,6
544;970;496;113,6
544;969;496;113,6
544;969;497;113,6
544;968;497;113,6
544;968;498;113,6
544;967;498;113,6
544;967;499;113,6
544;966;499;113,62
544;966;500;113,62
544;965;500;113,7
544;965;501;113,7
543;966;501;113,74
543;965;501;113,78
543;965;502;113,78
543;964;502;113,8
543;964;503;113,8
543;963;503;113,8
543;963;504;113,8
543;962;504;113,8
543;962;505;113,8
543;961;505;113,84
543;961;506;113,84
543;960;506;113,86
543;960;507;113,86
542;961;507;113,9
542;960;507;113,92
542;960;508;113,92
542;959;508;113,94
542;959;509;113,94
541;960;509;113,94
540;961;509;113,94
540;960;509;113,96
540;960;510;113,96
539;961;510;113,96
539;960;510;114,06
539;960;511;114,06
539;959;511;114,1
539;959;512;114,1
539;958;512;114,12
539;958;513;114,12
539;957;513;114,18
539;957;514;114,18
539;956;514;114,28
539;956;515;114,28
539;955;515;114,34
539;955;516;114,34
539;954;516;114,34
539;954;517;114,34
539;953;517;114,36
539;953;518;114,36
539;952;518;114,44
539;952;519;114,44
539;951;519;114,46
539;951;520;114,46
539;950;520;114,5
539;950;521;114,5
539;949;521;114,52
539;949;522;114,52
539;948;522;114,54
539;948;523;114,54
539;947;523;114,58
539;947;524;114,58
539;946;524;114,6
539;946;525;114,6
539;945;525;114,6
539;945;526;114,6
539;944;526;114,62
539;944;527;114,62
539;943;527;114,64
539;943;528;114,64
539;942;528;114,64
539;942;529;114,64
539;941;529;114,64
539;941;530;114,64
539;940;530;114,64
539;940;531;114,64
538;941;531;114,66
538;940;531;114,7
538;940;532;114,7
538;939;532;114,7
538;939;533;114,7
538;938;533;114,7
538;938;534;114,7
538;937;534;114,8
538;937;535;114,8
538;936;535;114,86
538;936;536;114,86
538;935;536;114,88
538;935;537;114,88
538;934;537;114,9
538;934;538;114,9
538;933;538;114,94
538;933;539;114,94
537;934;539;115,08
537;933;539;115,1
537;933;540;115,1
536;934;540;115,1
536;933;540;115,18
536;933;541;115,18
536;932;541;115,18
536;932;542;115,18
536;931;542;115,22
536;931;543;115,22
536;930;543;115,24
536;930;544;115,24
535;931;544;115,24
535;930;544;115,26
535;930;545;115,26
535;929;545;115,36
535;929;546;115,36
535;928;546;115,4
535;928;547;115,4
535;927;547;115,46
535;927;548;115,46
534;928;548;115,48
534;927;548;115,58
534;927;549;115,58
533;928;549;115,62
533;927;549;115,64
533;927;550;115,64
533;926;550;115,64
533;926;551;115,64
533;925;551;115,66
533;925;552;115,66
532;926;552;115,66
532;925;552;115,74
532;925;553;115,74
532;924;553;115,74
532;924;554;115,74
532;923;554;115,76
532;923;555;115,76
532;922;555;115,78
532;922;556;115,78
532;921;556;115,8
532;921;557;115,8
531;922;557;115,84
530;923;557;115,84
530;922;557;115,86
530;922;558;115,86
530;921;558;115,88
530;921;559;115,88
530;920;559;115,88
530;920;560;115,88
530;919;560;115,94
530;919;561;115,94
530;918;561;115,94
530;918;562;115,94
530;917;562;116
530;917;563;116
530;916;563;116
530;916;564;116
530;915;564;116
530;915;565;116
530;914;565;116,02
530;914;566;116,02
530;913;566;116,04
530;913;567;116,04
530;912;567;116,04
530;912;568;116,04
530;911;568;116,04
530;911;569;116,04
530;910;569;116,06
530;910;570;116,06
530;909;570;116,1
530;909;571;116,1
530;908;571;116,12
530;908;572;116,12
530;907;572;116,18
530;907;573;116,18
530;906;573;116,2
530;906;574;116,2
530;905;574;116,22
530;905;575;116,22
530;904;575;116,24
530;904;576;116,24
529;905;576;116,26
528;906;576;116,26
528;905;576;116,28
528;905;577;116,28
527;906;577;116,3
527;905;577;116,42
527;905;578;116,42
527;904;578;116,48
527;904;579;116,48
527;903;579;116,5
527;903;580;116,5
527;902;580;116,54
527;902;581;116,54
526;903;581;116,58
526;902;581;116,64
526;902;582;116,64
526;901;582;116,64
526;901;583;116,64
526;900;583;116,66
526;900;584;116,66
526;899;584;116,68
526;899;585;116,68
525;900;585;116,7
524;901;585;116,7
524;900;585;116,74
524;900;586;116,74
524;899;586;116,76
524;899;587;116,76
524;898;587;116,84
524;898;588;116,84
524;897;588;116,86
524;897;589;116,86
524;896;589;116,88
524;896;590;116,88
523;897;590;116,9
523;896;590;116,94
523;896;591;116,94
522;897;591;116,96
522;896;591;117,02
522;896;592;117,02
522;895;592;117,04
522;895;593;117,04
522;894;593;117,08
522;894;594;117,08
522;893;594;117,12
522;893;595;117,12
522;892;595;117,14
522;892;596;117,14
521;893;596;117,16
521;892;596;117,18
521;892;597;117,18
521;891;597;117,2
521;891;598;117,2
521;890;598;117,22
521;890;599;117,22
521;889;599;117,22
521;889;600;117,22
521;888;600;117,22
521;888;601;117,22
520;889;601;117,22
520;888;601;117,24
520;888;602;117,24
520;887;602;117,26
520;887;603;117,26
520;886;603;117,3
520;886;604;117,3
520;885;604;117,36
520;885;605;117,36
520;884;605;117,38
520;884;606;117,38
520;883;606;117,4
520;883;607;117,4
520;882;607;117,46
520;882;608;117,46
520;881;608;117,5
520;881;609;117,5
520;880;609;117,52
520;880;610;117,52
519;881;610;117,52
519;880;610;117,58
519;880;611;117,58
519;879;611;117,6
519;879;612;117,6
519;878;612;117,62
519;878;613;117,62
519;877;613;117,64
519;877;614;117,64
519;876;614;117,66
519;876;615;117,66
519;875;615;117,66
519;875;616;117,66
519;874;616;117,72
519;874;617;117,72
519;873;617;117,72
519;873;618;117,72
519;872;618;117,72
519;872;619;117,72
519;871;619;117,76
519;871;620;117,76
519;870;620;117,76
519;870;621;117,76
518;871;621;117,76
518;870;621;117,8
518;870;622;117,8
518;869;622;117,82
518;869;623;117,82
518;868;623;117,86
518;868;624;117,86
518;867;624;117,92
518;867;625;117,92
518;866;625;118,14
518;866;626;118,14
518;865;626;118,14
518;865;627;118,14
518;864;627;118,14
518;864;628;118,14
518;863;628;118,16
518;863;629;118,16
518;862;629;118,18
518;862;630;118,18
518;861;630;118,18
518;861;631;118,18
518;860;631;118,22
518;860;632;118,22
518;859;632;118,24
518;859;633;118,24
518;858;633;118,26
518;858;634;118,26
518;857;634;118,3
518;857;635;118,3
518;856;635;118,34
518;856;636;118,34
517;857;636;118,36
517;856;636;118,38
517;856;637;118,38
517;855;637;118,4
517;855;638;118,4
517;854;638;118,42
517;854;639;118,42
517;853;639;118,42
517;853;640;118,42
517;852;640;118,42
517;852;641;118,42
517;851;641;118,44
517;851;642;118,44
517;850;642;118,44
517;850;643;118,44
517;849;643;118,44
517;849;644;118,44
517;848;644;118,48
517;848;645;118,48
517;847;645;118,56
517;847;646;118,56
517;846;646;118,64
517;846;647;118,64
517;845;647;118,68
517;845;648;118,68
517;844;648;118,68
517;844;649;118,68
517;843;649;118,7
517;843;650;118,7
517;842;650;118,72
517;842;651;118,72
517;841;651;118,78
517;841;652;118,78
517;840;652;118,82
517;840;653;118,82
517;839;653;118,88
517;839;654;118,88
516;840;654;118,96
516;839;654;118,98
516;839;655;118,98
516;838;655;119,08
516;838;656;119,08
516;837;656;119,16
516;837;657;119,16
515;838;657;119,16
515;837;657;119,22
515;837;658;119,22
515;836;658;119,24
515;836;659;119,24
515;835;659;119,24
515;835;660;119,24
515;834;660;119,28
515;834;661;119,28
514;835;661;119,32
513;836;661;119,36
513;835;661;119,4
513;835;662;119,4
513;834;662;119,4
513;834;663;119,4
513;833;663;119,44
513;833;664;119,44
513;832;664;119,44
513;832;665;119,44
513;831;665;119,48
513;831;666;119,48
513;830;666;119,52
513;830;667;119,52
512;831;667;119,54
511;832;667;119,58
511;831;667;119,6
511;831;668;119,6
510;832;668;119,6
510;831;668;119,62
510;831;669;119,62
510;830;669;119,64
510;830;670;119,64
510;829;670;119,66
510;829;671;119,66
510;828;671;119,72
510;828;672;119,72
510;827;672;119,78
510;827;673;119,78
510;826;673;119,82
510;826;674;119,82
510;825;674;119,84
510;825;675;119,84
510;824;675;119,92
510;824;676;119,92
510;823;676;119,98
510;823;677;119,98
510;822;677;120
510;822;678;120
510;821;678;120
510;821;679;120
510;820;679;120
510;820;680;120
510;819;680;120
510;819;681;120
510;818;681;120,06
510;818;682;120,06
510;817;682;120,1
510;817;683;120,1
510;816;683;120,18
510;816;684;120,18
510;815;684;120,18
510;815;685;120,18
510;814;685;120,18
510;814;686;120,18
510;813;686;120,2
510;813;687;120,2
510;812;687;120,4
510;812;688;120,4
509;813;688;120,4
509;812;688;120,44
509;812;689;120,44
509;811;689;120,44
509;811;690;120,44
509;810;690;120,48
509;810;691;120,48
508;811;691;120,48
508;810;691;120,54
508;810;692;120,54
508;809;692;120,6
508;809;693;120,6
507;810;693;120,6
507;809;693;120,66
507;809;694;120,66
507;808;694;120,68
507;808;695;120,68
507;807;695;120,7
507;807;696;120,7
507;806;696;120,82
507;806;697;120,82
507;805;697;120,86
507;805;698;120,86
507;804;698;120,94
507;804;699;120,94
507;803;699;120,96
507;803;700;120,96
507;802;700;120,96
507;802;701;120,96
507;801;701;120,98
507;801;702;120,98
507;800;702;121,02
507;800;703;121,02
507;799;703;121,04
507;799;704;121,04
507;798;704;121,06
507;798;705;121,06
507;797;705;121,08
507;797;706;121,08
507;796;706;121,08
507;796;707;121,08
507;795;707;121,14
507;795;708;121,14
507;794;708;121,16
507;794;709;121,16
507;793;709;121,18
507;793;710;121,18
507;792;710;121,22
507;792;711;121,22
507;791;711;121,22
507;791;712;121,22
506;792;712;121,24
506;791;712;121,28
506;791;713;121,28
506;790;713;121,3
506;790;714;121,3
506;789;714;121,32
506;789;715;121,32
506;788;715;121,34
506;788;716;121,34
505;789;716;121,34
505;788;716;121,36
505;788;717;121,36
505;787;717;121,36
505;787;718;121,36
505;786;718;121,4
505;786;719;121,4
505;785;719;121,42
505;785;720;121,42
505;784;720;121,42
505;784;721;121,42
505;783;721;121,48
505;783;722;121,48
505;782;722;121,52
505;782;723;121,52
505;781;723;121,52
505;781;724;121,52
504;782;724;121,52
504;781;724;121,54
504;781;725;121,54
504;780;725;121,6
504;780;726;121,6
504;779;726;121,68
504;779;727;121,68
504;778;727;121,7
504;778;728;121,7
503;779;728;121,7
503;778;728;121,74
503;778;729;121,74
503;777;729;121,74
503;777;730;121,74
502;778;730;121,76
502;777;730;121,78
502;777;731;121,78
502;776;731;121,8
502;776;732;121,8
502;775;732;121,8
502;775;733;121,8
502;774;733;121,82
502;774;734;121,82
502;773;734;121,84
502;773;735;121,84
502;772;735;121,84
502;772;736;121,84
502;771;736;121,86
502;771;737;121,86
501;772;737;121,9
501;771;737;121,92
501;771;738;121,92
501;770;738;121,94
501;770;739;121,94
501;769;739;121,98
501;769;740;121,98
501;768;740;122
501;768;741;122
501;767;741;122
501;767;742;122
501;766;742;122,02
501;766;743;122,02
501;765;743;122,04
501;765;744;122,04
500;766;744;122,06
500;765;744;122,1
500;765;745;122,1
499;766;745;122,12
499;765;745;122,18
499;765;746;122,18
498;766;746;122,2
498;765;746;122,26
498;765;747;122,26
498;764;747;122,28
498;764;748;122,28
498;763;748;122,32
498;763;749;122,32
497;764;749;122,32
497;763;749;122,34
497;763;750;122,34
497;762;750;122,38
497;762;751;122,38
497;761;751;122,4
497;761;752;122,4
497;760;752;122,44
497;760;753;122,44
497;759;753;122,44
497;759;754;122,44
497;758;754;122,44
497;758;755;122,44
496;759;755;122,44
496;758;755;122,46
496;758;756;122,46
496;757;756;122,5
496;757;757;122,5
496;756;757;122,52
496;756;758;122,52
496;755;758;122,52
496;755;759;122,52
496;754;759;122,54
496;754;760;122,54
496;753;760;122,6
496;753;761;122,6
496;752;761;122,62
496;752;762;122,62
496;751;762;122,68
496;751;763;122,68
496;750;763;122,72
496;750;764;122,72
496;749;764;122,74
496;749;765;122,74
495;750;765;122,74
495;749;765;122,78
495;749;766;122,78
495;748;766;122,82
495;748;767;122,82
495;747;767;122,84
495;747;768;122,84
495;746;768;122,86
495;746;769;122,86
495;745;769;122,86
495;745;770;122,86
494;746;770;122,88
494;745;770;122,94
494;745;771;122,94
493;746;771;122,96
492;747;771;122,96
492;746;771;122,98
492;746;772;122,98
492;745;772;123,04
492;745;773;123,04
491;746;773;123,04
491;745;773;123,06
491;745;774;123,06
491;744;774;123,12
491;744;775;123,12
491;743;775;123,12
491;743;776;123,12
491;742;776;123,28
491;742;777;123,28
491;741;777;123,3
491;741;778;123,3
491;740;778;123,32
491;740;779;123,32
491;739;779;123,34
491;739;780;123,34
491;738;780;123,34
491;738;781;123,34
491;737;781;123,34
491;737;782;123,34
490;738;782;123,34
490;737;782;123,36
490;737;783;123,36
490;736;783;123,36
490;736;784;123,36
490;735;784;123,42
490;735;785;123,42
489;736;785;123,44
489;735;785;123,46
489;735;786;123,46
489;734;786;123,52
489;734;787;123,52
489;733;787;123,52
489;733;788;123,52
489;732;788;123,56
489;732;789;123,56
488;733;789;123,56
488;732;789;123,6
488;732;790;123,6
488;731;790;123,66
488;731;791;123,66
488;730;791;123,68
488;730;792;123,68
488;729;792;123,7
488;729;793;123,7
487;730;793;123,7
487;729;793;123,74
487;729;794;123,74
487;728;794;123,74
487;728;795;123,74
487;727;795;123,84
487;727;796;123,84
487;726;796;123,84
487;726;797;123,84
487;725;797;123,98
487;725;798;123,98
487;724;798;124
487;724;799;124
486;725;799;124,02
486;724;799;124,04
486;724;800;124,04
486;723;800;124,04
486;723;801;124,04
486;722;801;124,06
486;722;802;124,06
486;721;802;124,08
486;721;803;124,08
486;720;803;124,08
486;720;804;124,08
485;721;804;124,1
485;720;804;124,14
485;720;805;124,14
485;719;805;124,22
485;719;806;124,22
485;718;806;124,22
485;718;807;124,22
485;717;807;124,22
485;717;808;124,22
485;716;808;124,3
485;716;809;124,3
485;715;809;124,32
485;715;810;124,32
484;716;810;124,34
484;715;810;124,46
484;715;811;124,46
484;714;811;124,5
484;714;812;124,5
484;713;812;124,5
484;713;813;124,5
484;712;813;124,54
484;712;814;124,54
484;711;814;124,54
484;711;815;124,54
484;710;815;124,54
484;710;816;124,54
484;709;816;124,56
484;709;817;124,56
484;708;817;124,58
484;708;818;124,58
483;709;818;124,62
483;708;818;124,74
483;708;819;124,74
483;707;819;124,76
483;707;820;124,76
483;706;820;124,82
483;706;821;124,82
483;705;821;124,82
483;705;822;124,82
483;704;822;124,9
483;704;823;124,9
483;703;823;124,9
483;703;824;124,9
482;704;824;124,9
482;703;824;124,92
482;703;825;124,92
482;702;825;125,02
482;702;826;125,02
482;701;826;125,04
482;701;827;125,04
482;700;827;125,04
482;700;828;125,04
482;699;828;125,1
482;699;829;125,1
482;698;829;125,12
482;698;830;125,12
482;697;830;125,12
482;697;831;125,12
482;696;831;125,22
482;696;832;125,22
481;697;832;125,22
481;696;832;125,36
481;696;833;125,36
481;695;833;125,38
481;695;834;125,38
481;694;834;125,44
481;694;835;125,44
481;693;835;125,48
481;693;836;125,48
481;692;836;125,48
481;692;837;125,48
481;691;837;125,54
481;691;838;125,54
481;690;838;125,54
481;690;839;125,54
481;689;839;125,58
481;689;840;125,58
481;688;840;125,58
481;688;841;125,58
481;687;841;125,58
481;687;842;125,58
481;686;842;125,6
481;686;843;125,6
481;685;843;125,64
481;685;844;125,64
481;684;844;125,66
481;684;845;125,66
481;683;845;125,7
481;683;846;125,7
481;682;846;125,72
481;682;847;125,72
481;681;847;125,72
481;681;848;125,72
481;680;848;125,72
481;680;849;125,72
481;679;849;125,76
481;679;850;125,76
480;680;850;125,76
479;681;850;125,76
479;680;850;125,88
479;680;851;125,88
479;679;851;125,92
479;679;852;125,92
479;678;852;125,94
479;678;853;125,94
479;677;853;125,96
479;677;854;125,96
479;676;854;125,96
479;676;855;125,96
478;677;855;126
478;676;855;126,04
478;676;856;126,04
478;675;856;126,12
478;675;857;126,12
477;676;857;126,12
477;675;857;126,14
477;675;858;126,14
477;674;858;126,14
477;674;859;126,14
476;675;859;126,16
475;676;859;126,16
475;675;859;126,18
475;675;860;126,18
475;674;860;126,22
475;674;861;126,22
475;673;861;126,32
475;673;862;126,32
475;672;862;126,36
475;672;863;126,36
475;671;863;126,38
475;671;864;126,38
475;670;864;126,42
475;670;865;126,42
475;669;865;126,42
475;669;866;126,42
474;670;866;126,48
474;669;866;126,5
474;669;867;126,5
474;668;867;126,52
474;668;868;126,52
474;667;868;126,54
474;667;869;126,54
474;666;869;126,54
474;666;870;126,54
473;667;870;126,54
473;666;870;126,58
473;666;871;126,58
472;667;871;126,58
472;666;871;126,6
472;666;872;126,6
471;667;872;126,72
471;666;872;126,76
471;666;873;126,76
471;665;873;126,8
471;665;874;126,8
471;664;874;126,92
471;664;875;126,92
471;663;875;126,94
471;663;876;126,94
471;662;876;126,94
471;662;877;126,94
471;661;877;126,96
471;661;878;126,96
471;660;878;126,96
471;660;879;126,96
471;659;879;127
471;659;880;127
471;658;880;127,1
471;658;881;127,1
471;657;881;127,1
471;657;882;127,1
471;656;882;127,1
471;656;883;127,1
471;655;883;127,1
471;655;884;127,1
470;656;884;127,14
470;655;884;127,18
470;655;885;127,18
470;654;885;127,22
470;654;886;127,22
470;653;886;127,3
470;653;887;127,3
469;654;887;127,3
469;653;887;127,32
469;653;888;127,32
469;652;888;127,36
469;652;889;127,36
468;653;889;127,36
468;652;889;127,42
468;652;890;127,42
468;651;890;127,5
468;651;891;127,5
468;650;891;127,58
468;650;892;127,58
468;649;892;127,62
468;649;893;127,62
467;650;893;127,66
467;649;893;127,68
467;649;894;127,68
467;648;894;127,74
467;648;895;127,74
467;647;895;127,76
467;647;896;127,76
467;646;896;127,82
467;646;897;127,82
467;645;897;127,86
467;645;898;127,86
467;644;898;127,88
467;644;899;127,88
467;643;899;127,92
467;643;900;127,92
467;642;900;127,92
467;642;901;127,92
467;641;901;127,92
467;641;902;127,92
467;640;902;127,98
467;640;903;127,98
467;639;903;128,02
467;639;904;128,02
467;638;904;128,06
467;638;905;128,06
467;637;905;128,12
467;637;906;128,12
467;636;906;128,14
467;636;907;128,14
467;635;907;128,14
467;635;908;128,14
467;634;908;128,14
467;634;909;128,14
467;633;909;128,16
467;633;910;128,16
467;632;910;128,18
467;632;911;128,18
467;631;911;128,18
467;631;912;128,18
467;630;912;128,24
467;630;913;128,24
466;631;913;128,3
466;630;913;128,32
466;630;914;128,32
465;631;914;128,32
465;630;914;128,34
465;630;915;128,34
465;629;915;128,36
465;629;916;128,36
465;628;916;128,46
465;628;917;128,46
465;627;917;128,48
465;627;918;128,48
465;626;918;128,52
465;626;919;128,52
465;625;919;128,56
465;625;920;128,56
464;626;920;128,64
464;625;920;128,7
464;625;921;128,7
463;626;921;128,7
463;625;921;128,74
463;625;922;128,74
463;624;922;128,74
463;624;923;128,74
462;625;923;128,74
462;624;923;128,8
462;624;924;128,8
461;625;924;128,84
461;624;924;128,9
461;624;925;128,9
461;623;925;129,06
461;623;926;129,06
461;622;926;129,06
461;622;927;129,06
461;621;927;129,06
461;621;928;129,06
461;620;928;129,08
461;620;929;129,08
460;621;929;129,08
460;620;929;129,1
460;620;930;129,1
460;619;930;129,12
460;619;931;129,12
460;618;931;129,18
460;618;932;129,18
460;617;932;129,24
460;617;933;129,24
459;618;933;129,24
459;617;933;129,28
459;617;934;129,28
459;616;934;129,28
459;616;935;129,28
459;615;935;129,3
459;615;936;129,3
459;614;936;129,34
459;614;937;129,34
459;613;937;129,34
459;613;938;129,34
459;612;938;129,4
459;612;939;129,4
459;611;939;129,42
459;611;940;129,42
459;610;940;129,44
459;610;941;129,44
459;609;941;129,44
459;609;942;129,44
459;608;942;129,46
459;608;943;129,46
459;607;943;129,48
459;607;944;129,48
459;606;944;129,54
459;606;945;129,54
459;605;945;129,66
459;605;946;129,66
459;604;946;129,68
459;604;947;129,68
458;605;947;129,68
458;604;947;129,7
458;604;948;129,7
458;603;948;129,72
458;603;949;129,72
458;602;949;129,76
458;602;950;129,76
458;601;950;129,84
458;601;951;129,84
458;600;951;129,86
458;600;952;129,86
458;599;952;129,9
458;599;953;129,9
457;600;953;130,06
457;599;953;130,08
457;599;954;130,08
457;598;954;130,08
457;598;955;130,08
457;597;955;130,1
457;597;956;130,1
457;596;956;130,1
457;596;957;130,1
457;595;957;130,18
457;595;958;130,18
456;596;958;130,2
456;595;958;130,22
456;595;959;130,22
456;594;959;130,22
456;594;960;130,22
456;593;960;130,24
456;593;961;130,24
456;592;961;130,26
456;592;962;130,26
455;593;962;130,26
455;592;962;130,32
455;592;963;130,32
454;593;963;130,32
454;592;963;130,36
454;592;964;130,36
454;591;964;130,42
454;591;965;130,42
454;590;965;130,44
454;590;966;130,44
454;589;966;130,44
454;589;967;130,44
454;588;967;130,48
454;588;968;130,48
454;587;968;130,58
454;587;969;130,58
454;586;969;130,6
454;586;970;130,6
454;585;970;130,6
454;585;971;130,6
454;584;971;130,7
454;584;972;130,7
454;583;972;130,74
454;583;973;130,74
454;582;973;130,76
454;582;974;130,76
453;583;974;130,8
453;582;974;130,82
453;582;975;130,82
452;583;975;130,84
452;582;975;130,86
452;582;976;130,86
452;581;976;130,92
452;581;977;130,92
452;580;977;131
452;580;978;131
451;581;978;131,04
451;580;978;131,06
451;580;979;131,06
450;581;979;131,1
450;580;979;131,14
450;580;980;131,14
450;579;980;131,16
450;579;981;131,16
450;578;981;131,2
450;578;982;131,2
450;577;982;131,22
450;577;983;131,22
449;578;983;131,22
449;577;983;131,24
449;577;984;131,24
449;576;984;131,24
449;576;985;131,24
449;575;985;131,26
449;575;986;131,26
449;574;986;131,26
449;574;987;131,26
449;573;987;131,34
449;573;988;131,34
449;572;988;131,36
449;572;989;131,36
449;571;989;131,38
449;571;990;131,38
449;570;990;131,42
449;570;991;131,42
449;569;991;131,5
449;569;992;131,5
449;568;992;131,5
449;568;993;131,5
449;567;993;131,54
449;567;994;131,54
449;566;994;131,54
449;566;995;131,54
449;565;995;131,56
449;565;996;131,56
449;564;996;131,56
449;564;997;131,56
449;563;997;131,56
449;563;998;131,56
449;562;998;131,58
449;562;999;131,58
449;561;999;131,6
449;561;1000;131,6
449;560;1000;131,6
449;560;1001;131,6
448;561;1001;131,6
448;560;1001;131,64
448;560;1002;131,64
448;559;1002;131,64
448;559;1003;131,64
448;558;1003;131,66
448;558;1004;131,66
448;557;1004;131,66
448;557;1005;131,66
448;556;1005;131,68
448;556;1006;131,68
448;555;1006;131,72
448;555;1007;131,72
448;554;1007;131,8
448;554;1008;131,8
448;553;1008;131,86
448;553;1009;131,86
448;552;1009;131,9
448;552;1010;131,9
448;551;1010;131,94
448;551;1011;131,94
448;550;1011;132,02
448;550;1012;132,02
448;549;1012;132,04
448;549;1013;132,04
448;548;1013;132,06
448;548;1014;132,06
448;547;1014;132,06
448;547;1015;132,06
447;548;1015;132,06
447;547;1015;132,08
447;547;1016;132,08
447;546;1016;132,1
447;546;1017;132,1
447;545;1017;132,12
447;545;1018;132,12
447;544;1018;132,16
447;544;1019;132,16
447;543;1019;132,2
447;543;1020;132,2
447;542;1020;132,26
447;542;1021;132,26
447;541;1021;132,32
447;541;1022;132,32
447;540;1022;132,34
447;540;1023;132,34
447;539;1023;132,36
447;539;1024;132,36
447;538;1024;132,42
447;538;1025;132,42
447;537;1025;132,44
447;537;1026;132,44
447;536;1026;132,44
447;536;1027;132,44
447;535;1027;132,44
447;535;1028;132,44
447;534;1028;132,46
447;534;1029;132,46
447;533;1029;132,48
447;533;1030;132,48
447;532;1030;132,52
447;532;1031;132,52
447;531;1031;132,56
447;531;1032;132,56
447;530;1032;132,58
447;530;1033;132,58
447;529;1033;132,6
447;529;1034;132,6
447;528;1034;132,62
447;528;1035;132,62
447;527;1035;132,66
447;527;1036;132,66
447;526;1036;132,74
447;526;1037;132,74
447;525;1037;132,78
447;525;1038;132,78
447;524;1038;132,78
447;524;1039;132,78
447;523;1039;132,82
447;523;1040;132,82
447;522;1040;132,9
447;522;1041;132,9
447;521;1041;132,92
447;521;1042;132,92
446;522;1042;132,92
446;521;1042;133
446;521;1043;133
446;520;1043;133,02
446;520;1044;133,02
446;519;1044;133,04
446;519;1045;133,04
446;518;1045;133,06
446;518;1046;133,06
446;517;1046;133,1
446;517;1047;133,1
446;516;1047;133,22
446;516;1048;133,22
446;515;1048;133,24
446;515;1049;133,24
446;514;1049;133,34
446;514;1050;133,34
446;513;1050;133,38
446;513;1051;133,38
446;512;1051;133,4
446;512;1052;133,4
446;511;1052;133,5
446;511;1053;133,5
446;510;1053;133,56
446;510;1054;133,56
446;509;1054;133,6
446;509;1055;133,6
445;510;1055;133,62
445;509;1055;133,66
445;509;1056;133,66
445;508;1056;133,7
445;508;1057;133,7
445;507;1057;133,7
445;507;1058;133,7
445;506;1058;133,7
445;506;1059;133,7
445;505;1059;133,84
445;505;1060;133,84
445;504;1060;133,84
445;504;1061;133,84
445;503;1061;133,88
445;503;1062;133,88
445;502;1062;133,92
445;502;1063;133,92
444;503;1063;133,92
444;502;1063;133,94
444;502;1064;133,94
444;501;1064;133,94
444;501;1065;133,94
444;500;1065;134,04
444;500;1066;134,04
444;499;1066;134,06
444;499;1067;134,06
444;498;1067;134,08
444;498;1068;134,08
444;497;1068;134,12
444;497;1069;134,12
444;496;1069;134,16
444;496;1070;134,16
444;495;1070;134,18
444;495;1071;134,18
443;496;1071;134,24
443;495;1071;134,26
443;495;1072;134,26
443;494;1072;134,32
443;494;1073;134,32
443;493;1073;134,36
443;493;1074;134,36
443;492;1074;134,36
443;492;1075;134,36
443;491;1075;134,48
443;491;1076;134,48
443;490;1076;134,54
443;490;1077;134,54
443;489;1077;134,64
443;489;1078;134,64
443;488;1078;134,68
443;488;1079;134,68
443;487;1079;134,68
443;487;1080;134,68
443;486;1080;134,74
443;486;1081;134,74
442;487;1081;134,84
442;486;1081;135
442;486;1082;135
442;485;1082;135
442;485;1083;135
442;484;1083;135,06
442;484;1084;135,06
442;483;1084;135,06
442;483;1085;135,06
441;484;1085;135,06
441;483;1085;135,1
441;483;1086;135,1
441;482;1086;135,1
441;482;1087;135,1
441;481;1087;135,1
441;481;1088;135,1
441;480;1088;135,18
441;480;1089;135,18
440;481;1089;135,18
440;480;1089;135,2
440;480;1090;135,2
439;481;1090;135,2
439;480;1090;135,22
439;480;1091;135,22
439;479;1091;135,22
439;479;1092;135,22
439;478;1092;135,28
439;478;1093;135,28
439;477;1093;135,3
439;477;1094;135,3
439;476;1094;135,32
439;476;1095;135,32
439;475;1095;135,34
439;475;1096;135,34
439;474;1096;135,38
439;474;1097;135,38
439;473;1097;135,38
439;473;1098;135,38
439;472;1098;135,38
439;472;1099;135,38
439;471;1099;135,42
439;471;1100;135,42
439;470;1100;135,46
439;470;1101;135,46
439;469;1101;135,52
439;469;1102;135,52
439;468;1102;135,54
439;468;1103;135,54
439;467;1103;135,56
439;467;1104;135,56
439;466;1104;135,78
439;466;1105;135,78
439;465;1105;135,8
439;465;1106;135,8
439;464;1106;135,88
439;464;1107;135,88
438;465;1107;135,94
438;464;1107;135,96
438;464;1108;135,96
438;463;1108;135,98
438;463;1109;135,98
438;462;1109;135,98
438;462;1110;135,98
437;463;1110;135,98
437;462;1110;136
437;462;1111;136
437;461;1111;136
437;461;1112;136
437;460;1112;136,04
437;460;1113;136,04
437;459;1113;136,08
437;459;1114;136,08
437;458;1114;136,32
437;458;1115;136,32
437;457;1115;136,32
437;457;1116;136,32
437;456;1116;136,34
437;456;1117;136,34
436;457;1117;136,4
436;456;1117;136,46
436;456;1118;136,46
435;457;1118;136,5
435;456;1118;136,56
435;456;1119;136,56
435;455;1119;136,68
435;455;1120;136,68
435;454;1120;136,72
435;454;1121;136,72
435;453;1121;136,76
435;453;1122;136,76
435;452;1122;136,8
435;452;1123;136,8
434;453;1123;136,82
434;452;1123;136,84
434;452;1124;136,84
433;453;1124;136,84
433;452;1124;136,9
433;452;1125;136,9
433;451;1125;136,96
433;451;1126;136,96
433;450;1126;136,98
433;450;1127;136,98
433;449;1127;137
433;449;1128;137
433;448;1128;137,08
433;448;1129;137,08
433;447;1129;137,18
433;447;1130;137,18
433;446;1130;137,2
433;446;1131;137,2
433;445;1131;137,22
433;445;1132;137,22
433;444;1132;137,32
433;444;1133;137,32
433;443;1133;137,4
433;443;1134;137,4
433;442;1134;137,4
433;442;1135;137,4
433;441;1135;137,4
433;441;1136;137,4
432;442;1136;137,4
432;441;1136;137,46
432;441;1137;137,46
432;440;1137;137,48
432;440;1138;137,48
432;439;1138;137,5
432;439;1139;137,5
431;440;1139;137,64
431;439;1139;137,7
431;439;1140;137,7
431;438;1140;137,78
431;438;1141;137,78
431;437;1141;137,78
431;437;1142;137,78
431;436;1142;138,12
431;436;1143;138,12
431;435;1143;138,18
431;435;1144;138,18
431;434;1144;138,26
431;434;1145;138,26
431;433;1145;138,26
431;433;1146;138,26
431;432;1146;138,32
431;432;1147;138,32
431;431;1147;138,38
431;431;1148;138,38
431;430;1148;138,42
431;430;1149;138,42
431;429;1149;138,56
431;429;1150;138,56
430;430;1150;138,56
430;429;1150;138,58
430;429;1151;138,58
430;428;1151;138,58
430;428;1152;138,58
430;427;1152;138,62
430;427;1153;138,62
430;426;1153;138,66
430;426;1154;138,66
430;425;1154;138,66
430;425;1155;138,66
430;424;1155;138,66
430;424;1156;138,66
429;425;1156;138,92
428;426;1156;139
428;425;1156;139,04
428;425;1157;139,04
428;424;1157;139,06
428;424;1158;139,06
428;423;1158;139,1
428;423;1159;139,1
427;424;1159;139,12
427;423;1159;139,16
427;423;1160;139,16
427;422;1160;139,22
427;422;1161;139,22
427;421;1161;139,24
427;421;1162;139,24
427;420;1162;139,36
427;420;1163;139,36
427;419;1163;139,38
427;419;1164;139,38
427;418;1164;139,38
427;418;1165;139,38
427;417;1165;139,38
427;417;1166;139,38
427;416;1166;139,46
427;416;1167;139,46
427;415;1167;139,46
427;415;1168;139,46
427;414;1168;139,52
427;414;1169;139,52
427;413;1169;139,54
427;413;1170;139,54
427;412;1170;139,54
427;412;1171;139,54
427;411;1171;139,56
427;411;1172;139,56
427;410;1172;139,62
427;410;1173;139,62
427;409;1173;139,64
427;409;1174;139,64
426;410;1174;139,66
426;409;1174;139,74
426;409;1175;139,74
425;410;1175;139,88
425;409;1175;139,9
425;409;1176;139,9
424;410;1176;139,92
424;409;1176;139,96
424;409;1177;139,96
424;408;1177;140
424;408;1178;140
424;407;1178;140
424;407;1179;140
424;406;1179;140,04
424;406;1180;140,04
424;405;1180;140,16
424;405;1181;140,16
424;404;1181;140,24
424;404;1182;140,24
423;405;1182;140,24
423;404;1182;140,26
423;404;1183;140,26
423;403;1183;140,3
423;403;1184;140,3
423;402;1184;140,4
423;402;1185;140,4
423;401;1185;140,42
423;401;1186;140,42
422;402;1186;140,5
422;401;1186;140,54
422;401;1187;140,54
421;402;1187;140,54
421;401;1187;140,66
421;401;1188;140,66
421;400;1188;140,66
421;400;1189;140,66
421;399;1189;140,7
421;399;1190;140,7
420;400;1190;140,74
420;399;1190;140,78
420;399;1191;140,78
420;398;1191;140,78
420;398;1192;140,78
420;397;1192;140,8
420;397;1193;140,8
420;396;1193;140,82
420;396;1194;140,82
420;395;1194;140,84
420;395;1195;140,84
419;396;1195;140,86
418;397;1195;140,88
418;396;1195;140,9
418;396;1196;140,9
417;397;1196;140,98
417;396;1196;141,04
417;396;1197;141,04
417;395;1197;141,12
417;395;1198;141,12
417;394;1198;141,18
417;394;1199;141,18
417;393;1199;141,2
417;393;1200;141,2
417;392;1200;141,22
417;392;1201;141,22
417;391;1201;141,26
417;391;1202;141,26
417;390;1202;141,28
417;390;1203;141,28
416;391;1203;141,3
415;392;1203;141,3
415;391;1203;141,38
415;391;1204;141,38
415;390;1204;141,46
415;390;1205;141,46
415;389;1205;141,58
415;389;1206;141,58
415;388;1206;141,62
415;388;1207;141,62
415;387;1207;141,62
415;387;1208;141,62
415;386;1208;141,62
415;386;1209;141,62
415;385;1209;141,64
415;385;1210;141,64
415;384;1210;141,68
415;384;1211;141,68
415;383;1211;141,68
415;383;1212;141,68
414;384;1212;141,7
414;383;1212;141,78
414;383;1213;141,78
414;382;1213;141,78
414;382;1214;141,78
414;381;1214;141,86
414;381;1215;141,86
414;380;1215;141,96
414;380;1216;141,96
413;381;1216;141,98
413;380;1216;142,04
413;380;1217;142,04
412;381;1217;142,08
412;380;1217;142,16
412;380;1218;142,16
412;379;1218;142,16
412;379;1219;142,16
412;378;1219;142,18
412;378;1220;142,18
411;379;1220;142,2
411;378;1220;142,22
411;378;1221;142,22
411;377;1221;142,24
411;377;1222;142,24
411;376;1222;142,28
411;376;1223;142,28
411;375;1223;142,34
411;375;1224;142,34
411;374;1224;142,38
411;374;1225;142,38
410;375;1225;142,46
410;374;1225;142,5
410;374;1226;142,5
410;373;1226;142,5
410;373;1227;142,5
410;372;1227;142,62
410;372;1228;142,62
410;371;1228;142,68
410;371;1229;142,68
410;370;1229;142,68
410;370;1230;142,68
409;371;1230;142,84
409;370;1230;142,86
409;370;1231;142,86
409;369;1231;142,9
409;369;1232;142,9
409;368;1232;142,96
409;368;1233;142,96
409;367;1233;143,12
409;367;1234;143,12
409;366;1234;143,3
409;366;1235;143,3
409;365;1235;143,32
409;365;1236;143,32
409;364;1236;143,34
409;364;1237;143,34
409;363;1237;143,36
409;363;1238;143,36
409;362;1238;143,36
409;362;1239;143,36
409;361;1239;143,42
409;361;1240;143,42
408;362;1240;143,42
407;363;1240;143,44
407;362;1240;143,52
407;362;1241;143,52
407;361;1241;143,52
407;361;1242;143,52
407;360;1242;143,66
407;360;1243;143,66
407;359;1243;143,66
407;359;1244;143,66
406;360;1244;143,66
406;359;1244;143,7
406;359;1245;143,7
406;358;1245;143,72
406;358;1246;143,72
406;357;1246;143,8
406;357;1247;143,8
405;358;1247;143,82
405;357;1247;143,88
405;357;1248;143,88
405;356;1248;143,98
405;356;1249;143,98
404;357;1249;144
403;358;1249;144,02
403;357;1249;144,36
403;357;1250;144,36
402;358;1250;144,5
402;357;1250;144,58
402;357;1251;144,58
402;356;1251;144,62
402;356;1252;144,62
402;355;1252;144,72
402;355;1253;144,72
402;354;1253;144,72
402;354;1254;144,72
402;353;1254;144,78
402;353;1255;144,78
402;352;1255;144,82
402;352;1256;144,82
401;353;1256;144,82
400;354;1256;144,88
400;353;1256;144,9
400;353;1257;144,9
400;352;1257;145,04
400;352;1258;145,04
400;351;1258;145,06
400;351;1259;145,06
400;350;1259;145,08
400;350;1260;145,08
400;349;1260;145,2
400;349;1261;145,2
400;348;1261;145,24
400;348;1262;145,24
399;349;1262;145,24
398;350;1262;145,58
398;349;1262;145,66
398;349;1263;145,66
398;348;1263;145,76
398;348;1264;145,76
398;347;1264;145,76
398;347;1265;145,76
398;346;1265;145,78
398;346;1266;145,78
398;345;1266;145,8
398;345;1267;145,8
398;344;1267;145,84
398;344;1268;145,84
398;343;1268;145,88
398;343;1269;145,88
398;342;1269;145,9
398;342;1270;145,9
398;341;1270;145,92
398;341;1271;145,92
398;340;1271;145,98
398;340;1272;145,98
398;339;1272;146,1
398;339;1273;146,1
397;340;1273;146,1
397;339;1273;146,12
397;339;1274;146,12
397;338;1274;146,16
397;338;1275;146,16
397;337;1275;146,18
397;337;1276;146,18
397;336;1276;146,18
397;336;1277;146,18
397;335;1277;146,28
397;335;1278;146,28
397;334;1278;146,3
397;334;1279;146,3
397;333;1279;146,38
397;333;1280;146,38
397;332;1280;146,52
397;332;1281;146,52
397;331;1281;146,52
397;331;1282;146,52
397;330;1282;146,56
397;330;1283;146,56
397;329;1283;146,6
397;329;1284;146,6
397;328;1284;146,68
397;328;1285;146,68
397;327;1285;146,68
397;327;1286;146,68
397;326;1286;146,78
397;326;1287;146,78
397;325;1287;146,78
397;325;1288;146,78
397;324;1288;146,88
397;324;1289;146,88
396;325;1289;146,9
396;324;1289;147,1
396;324;1290;147,1
396;323;1290;147,1
396;323;1291;147,1
395;324;1291;147,16
395;323;1291;147,26
395;323;1292;147,26
395;322;1292;147,3
395;322;1293;147,3
395;321;1293;147,34
395;321;1294;147,34
395;320;1294;147,54
395;320;1295;147,54
395;319;1295;147,54
395;319;1296;147,54
395;318;1296;147,6
395;318;1297;147,6
395;317;1297;147,72
395;317;1298;147,72
394;318;1298;147,76
394;317;1298;147,78
394;317;1299;147,78
393;318;1299;147,82
393;317;1299;147,84
393;317;1300;147,84
393;316;1300;147,86
393;316;1301;147,86
393;315;1301;147,92
393;315;1302;147,92
392;316;1302;147,96
392;315;1302;148,08
392;315;1303;148,08
392;314;1303;148,14
392;314;1304;148,14
392;313;1304;148,26
392;313;1305;148,26
392;312;1305;148,3
392;312;1306;148,3
392;311;1306;148,42
392;311;1307;148,42
392;310;1307;148,44
392;310;1308;148,44
392;309;1308;148,58
392;309;1309;148,58
392;308;1309;148,62
392;308;1310;148,62
392;307;1310;148,64
392;307;1311;148,64
392;306;1311;148,7
392;306;1312;148,7
392;305;1312;148,72
392;305;1313;148,72
392;304;1313;148,74
392;304;1314;148,74
392;303;1314;148,74
392;303;1315;148,74
391;304;1315;148,78
390;305;1315;148,8
390;304;1315;148,9
390;304;1316;148,9
390;303;1316;149
390;303;1317;149
390;302;1317;149,02
390;302;1318;149,02
389;303;1318;149,12
389;302;1318;149,14
389;302;1319;149,14
389;301;1319;149,2
389;301;1320;149,2
388;302;1320;149,3
388;301;1320;149,36
388;301;1321;149,36
388;300;1321;149,4
388;300;1322;149,4
388;299;1322;149,4
388;299;1323;149,4
388;298;1323;149,5
388;298;1324;149,5
388;297;1324;149,52
388;297;1325;149,52
388;296;1325;149,52
388;296;1326;149,52
388;295;1326;149,54
388;295;1327;149,54
388;294;1327;149,62
388;294;1328;149,62
388;293;1328;149,68
388;293;1329;149,68
388;292;1329;149,78
388;292;1330;149,78
388;291;1330;149,8
388;291;1331;149,8
388;290;1331;149,82
388;290;1332;149,82
388;289;1332;150
388;289;1333;150
388;288;1333;150,02
388;288;1334;150,02
388;287;1334;150,06
388;287;1335;150,06
388;286;1335;150,12
388;286;1336;150,12
388;285;1336;150,42
388;285;1337;150,42
388;284;1337;150,44
388;284;1338;150,44
388;283;1338;150,6
388;283;1339;150,6
387;284;1339;150,78
387;283;1339;150,82
387;283;1340;150,82
387;282;1340;150,92
387;282;1341;150,92
387;281;1341;150,92
387;281;1342;150,92
387;280;1342;150,98
387;280;1343;150,98
387;279;1343;151,06
387;279;1344;151,06
387;278;1344;151,2
387;278;1345;151,2
387;277;1345;151,28
387;277;1346;151,28
386;278;1346;151,28
386;277;1346;151,38
386;277;1347;151,38
385;278;1347;151,38
384;279;1347;151,46
384;278;1347;151,48
384;278;1348;151,48
384;277;1348;151,56
384;277;1349;151,56
383;278;1349;151,62
382;279;1349;151,62
382;278;1349;151,64
382;278;1350;151,64
382;277;1350;151,66
382;277;1351;151,66
382;276;1351;151,68
382;276;1352;151,68
382;275;1352;151,68
382;275;1353;151,68
382;274;1353;151,8
382;274;1354;151,8
382;273;1354;151,82
382;273;1355;151,82
382;272;1355;151,94
382;272;1356;151,94
382;271;1356;152,02
382;271;1357;152,02
382;270;1357;152,08
382;270;1358;152,08
382;269;1358;152,14
382;269;1359;152,14
382;268;1359;152,32
382;268;1360;152,32
382;267;1360;152,34
382;267;1361;152,34
382;266;1361;152,38
382;266;1362;152,38
382;265;1362;152,56
382;265;1363;152,56
382;264;1363;152,56
382;264;1364;152,56
381;265;1364;152,56
380;266;1364;152,56
380;265;1364;152,66
380;265;1365;152,66
380;264;1365;152,74
380;264;1366;152,74
380;263;1366;152,84
380;263;1367;152,84
380;262;1367;152,84
380;262;1368;152,84
380;261;1368;153,04
380;261;1369;153,04
380;260;1369;153,08
380;260;1370;153,08
379;261;1370;153,1
379;260;1370;153,24
379;260;1371;153,24
379;259;1371;153,28
379;259;1372;153,28
379;258;1372;153,28
379;258;1373;153,28
378;259;1373;153,28
378;258;1373;153,38
378;258;1374;153,38
378;257;1374;153,38
378;257;1375;153,38
378;256;1375;153,4
378;256;1376;153,4
378;255;1376;153,56
378;255;1377;153,56
378;254;1377;153,56
378;254;1378;153,56
378;253;1378;153,62
378;253;1379;153,62
378;252;1379;153,68
378;252;1380;153,68
378;251;1380;153,7
378;251;1381;153,7
378;250;1381;153,74
378;250;1382;153,74
378;249;1382;153,74
378;249;1383;153,74
378;248;1383;153,86
378;248;1384;153,86
377;249;1384;153,86
377;248;1384;153,92
377;248;1385;153,92
377;247;1385;153,94
377;247;1386;153,94
377;246;1386;153,98
377;246;1387;153,98
377;245;1387;154
377;245;1388;154
377;244;1388;154,16
377;244;1389;154,16
377;243;1389;154,26
377;243;1390;154,26
376;244;1390;154,48
376;243;1390;154,54
376;243;1391;154,54
376;242;1391;154,56
376;242;1392;154,56
376;241;1392;154,56
376;241;1393;154,56
376;240;1393;154,9
376;240;1394;154,9
376;239;1394;154,94
376;239;1395;154,94
376;238;1395;155,04
376;238;1396;155,04
376;237;1396;155,24
376;237;1397;155,24
376;236;1397;155,26
376;236;1398;155,26
375;237;1398;155,32
375;236;1398;155,4
375;236;1399;155,4
374;237;1399;155,48
374;236;1399;155,56
374;236;1400;155,56
374;235;1400;155,58
374;235;1401;155,58
374;234;1401;155,66
374;234;1402;155,66
374;233;1402;155,76
374;233;1403;155,76
373;234;1403;155,86
373;233;1403;155,96
373;233;1404;155,96
372;234;1404;156
372;233;1404;156,1
372;233;1405;156,1
371;234;1405;156,12
370;235;1405;156,16
370;234;1405;156,18
370;234;1406;156,18
369;235;1406;156,34
369;234;1406;156,36
369;234;1407;156,36
368;235;1407;156,56
368;234;1407;156,84
368;234;1408;156,84
368;233;1408;156,88
368;233;1409;156,88
367;234;1409;157,16
367;233;1409;157,18
367;233;1410;157,18
367;232;1410;157,2
367;232;1411;157,2
367;231;1411;157,24
367;231;1412;157,24
366;232;1412;157,32
366;231;1412;157,64
366;231;1413;157,64
366;230;1413;157,66
366;230;1414;157,66
366;229;1414;157,76
366;229;1415;157,76
365;230;1415;157,8
364;231;1415;157,82
364;230;1415;158
364;230;1416;158
364;229;1416;158,02
364;229;1417;158,02
364;228;1417;158,14
364;228;1418;158,14
364;227;1418;158,26
364;227;1419;158,26
364;226;1419;158,5
364;226;1420;158,5
364;225;1420;158,56
364;225;1421;158,56
364;224;1421;158,92
364;224;1422;158,92
363;225;1422;159,02
363;224;1422;159,1
363;224;1423;159,1
362;225;1423;159,12
361;226;1423;159,14
361;225;1423;159,18
361;225;1424;159,18
361;224;1424;159,26
361;224;1425;159,26
361;223;1425;159,28
361;223;1426;159,28
361;222;1426;159,34
361;222;1427;159,34
361;221;1427;159,38
361;221;1428;159,38
361;220;1428;159,42
361;220;1429;159,42
361;219;1429;159,56
361;219;1430;159,56
360;220;1430;159,56
360;219;1430;159,6
360;219;1431;159,6
360;218;1431;159,66
360;218;1432;159,66
360;217;1432;159,72
360;217;1433;159,72
360;216;1433;159,8
360;216;1434;159,8
360;215;1434;159,84
360;215;1435;159,84
360;214;1435;159,86
360;214;1436;159,86
360;213;1436;159,92
360;213;1437;159,92
360;212;1437;159,98
360;212;1438;159,98
360;211;1438;160
360;211;1439;160
360;210;1439;160,06
360;210;1440;160,06
360;209;1440;160,12
360;209;1441;160,12
360;208;1441;160,26
360;208;1442;160,26
360;207;1442;160,28
360;207;1443;160,28
359;208;1443;160,5
359;207;1443;160,62
359;207;1444;160,62
359;206;1444;160,7
359;206;1445;160,7
359;205;1445;161,38
359;205;1446;161,38
359;204;1446;161,44
359;204;1447;161,44
359;203;1447;161,46
359;203;1448;161,46
359;202;1448;161,72
359;202;1449;161,72
359;201;1449;161,76
359;201;1450;161,76
359;200;1450;161,82
359;200;1451;161,82
359;199;1451;161,96
359;199;1452;161,96
359;198;1452;162,08
359;198;1453;162,08
359;197;1453;162,28
359;197;1454;162,28
359;196;1454;162,44
359;196;1455;162,44
359;195;1455;162,44
359;195;1456;162,44
359;194;1456;162,56
359;194;1457;162,56
358;195;1457;162,58
357;196;1457;162,58
357;195;1457;162,62
357;195;1458;162,62
357;194;1458;162,86
357;194;1459;162,86
356;195;1459;162,92
356;194;1459;162,94
356;194;1460;162,94
355;195;1460;162,98
355;194;1460;163,08
355;194;1461;163,08
355;193;1461;163,08
355;193;1462;163,08
355;192;1462;163,18
355;192;1463;163,18
355;191;1463;163,18
355;191;1464;163,18
355;190;1464;163,24
355;190;1465;163,24
355;189;1465;163,4
355;189;1466;163,4
355;188;1466;163,76
355;188;1467;163,76
355;187;1467;163,92
355;187;1468;163,92
355;186;1468;163,96
355;186;1469;163,96
355;185;1469;163,96
355;185;1470;163,96
355;184;1470;163,98
355;184;1471;163,98
354;185;1471;164,28
354;184;1471;164,68
354;184;1472;164,68
353;185;1472;164,68
352;186;1472;165
352;185;1472;165,1
352;185;1473;165,1
352;184;1473;165,12
352;184;1474;165,12
351;185;1474;165,16
351;184;1474;165,26
351;184;1475;165,26
351;183;1475;165,5
351;183;1476;165,5
351;182;1476;165,64
351;182;1477;165,64
351;181;1477;165,68
351;181;1478;165,68
351;180;1478;165,86
351;180;1479;165,86
351;179;1479;165,86
351;179;1480;165,86
351;178;1480;166,28
351;178;1481;166,28
351;177;1481;166,28
351;177;1482;166,28
351;176;1482;166,32
351;176;1483;166,32
351;175;1483;166,6
351;175;1484;166,6
351;174;1484;166,72
351;174;1485;166,72
351;173;1485;166,72
351;173;1486;166,72
351;172;1486;166,92
351;172;1487;166,92
351;171;1487;166,98
351;171;1488;166,98
350;172;1488;166,98
349;173;1488;167,08
349;172;1488;167,18
349;172;1489;167,18
349;171;1489;167,24
349;171;1490;167,24
349;170;1490;167,54
349;170;1491;167,54
349;169;1491;167,78
349;169;1492;167,78
349;168;1492;168,38
349;168;1493;168,38
348;169;1493;168,48
348;168;1493;168,98
348;168;1494;168,98
348;167;1494;169,18
348;167;1495;169,18
348;166;1495;169,34
348;166;1496;169,34
348;165;1496;169,38
348;165;1497;169,38
347;166;1497;169,46
347;165;1497;169,56
347;165;1498;169,56
346;166;1498;169,56
346;165;1498;169,6
346;165;1499;169,6
346;164;1499;169,62
346;164;1500;169,62
345;165;1500;169,64
344;166;1500;169,74
343;167;1500;169,92
343;166;1500;170,42
343;166;1501;170,42
343;165;1501;170,5
343;165;1502;170,5
343;164;1502;170,62
343;164;1503;170,62
343;163;1503;171,26
343;163;1504;171,26
342;164;1504;171,34
342;163;1504;171,36
342;163;1505;171,36
341;164;1505;171,38
340;165;1505;171,42
340;164;1505;171,54
340;164;1506;171,54
340;163;1506;171,72
340;163;1507;171,72
340;162;1507;171,78
340;162;1508;171,78
339;163;1508;171,78
339;162;1508;171,92
339;162;1509;171,92
339;161;1509;172,08
339;161;1510;172,08
338;162;1510;172,12
338;161;1510;172,14
338;161;1511;172,14
338;160;1511;172,22
338;160;1512;172,22
338;159;1512;172,34
338;159;1513;172,34
338;158;1513;172,46
338;158;1514;172,46
338;157;1514;172,76
338;157;1515;172,76
338;156;1515;172,9
338;156;1516;172,9
338;155;1516;172,98
338;155;1517;172,98
338;154;1517;172,98
338;154;1518;172,98
337;155;1518;173
337;154;1518;173,06
337;154;1519;173,06
337;153;1519;173,36
337;153;1520;173,36
337;152;1520;173,46
337;152;1521;173,46
336;153;1521;173,52
336;152;1521;173,58
336;152;1522;173,58
335;153;1522;173,6
335;152;1522;173,72
335;152;1523;173,72
335;151;1523;174,04
335;151;1524;174,04
335;150;1524;174,12
335;150;1525;174,12
335;149;1525;174,36
335;149;1526;174,36
334;150;1526;174,58
334;149;1526;174,64
334;149;1527;174,64
334;148;1527;174,92
334;148;1528;174,92
333;149;1528;174,92
333;148;1528;175,24
333;148;1529;175,24
332;149;1529;175,4
331;150;1529;175,72
331;149;1529;175,78
331;149;1530;175,78
331;148;1530;175,78
331;148;1531;175,78
330;149;1531;175,88
330;148;1531;176,02
330;148;1532;176,02
330;147;1532;176,14
330;147;1533;176,14
330;146;1533;176,18
330;146;1534;176,18
330;145;1534;176,18
330;145;1535;176,18
329;146;1535;176,44
329;145;1535;176,5
329;145;1536;176,5
329;144;1536;176,56
329;144;1537;176,56
329;143;1537;176,6
329;143;1538;176,6
329;142;1538;176,74
329;142;1539;176,74
328;143;1539;176,76
328;142;1539;177,16
328;142;1540;177,16
328;141;1540;177,32
328;141;1541;177,32
328;140;1541;177,38
328;140;1542;177,38
328;139;1542;177,68
328;139;1543;177,68
327;140;1543;177,78
326;141;1543;177,84
325;142;1543;178
325;141;1543;178,32
325;141;1544;178,32
325;140;1544;178,34
325;140;1545;178,34
324;141;1545;178,38
323;142;1545;178,44
323;141;1545;178,66
323;141;1546;178,66
323;140;1546;178,72
323;140;1547;178,72
323;139;1547;178,76
323;139;1548;178,76
323;138;1548;178,86
323;138;1549;178,86
323;137;1549;179,1
323;137;1550;179,1
323;136;1550;179,26
323;136;1551;179,26
322;137;1551;179,48
321;138;1551;179,58
321;137;1551;179,7
321;137;1552;179,7
321;136;1552;180,08
321;136;1553;180,08
321;135;1553;180,22
321;135;1554;180,22
321;134;1554;180,28
321;134;1555;180,28
321;133;1555;180,34
321;133;1556;180,34
321;132;1556;180,82
321;132;1557;180,82
321;131;1557;180,86
321;131;1558;180,86
321;130;1558;181,06
321;130;1559;181,06
321;129;1559;181,12
321;129;1560;181,12
321;128;1560;181,24
321;128;1561;181,24
320;129;1561;181,34
320;128;1561;181,62
320;128;1562;181,62
320;127;1562;182,08
320;127;1563;182,08
319;128;1563;182,2
319;127;1563;182,94
319;127;1564;182,94
318;128;1564;183,02
318;127;1564;183,64
318;127;1565;183,64
317;128;1565;183,72
317;127;1565;183,94
317;127;1566;183,94
316;128;1566;184,16
316;127;1566;184,26
316;127;1567;184,26
316;126;1567;184,86
316;126;1568;184,86
316;125;1568;185,08
316;125;1569;185,08
316;124;1569;185,2
316;124;1570;185,2
316;123;1570;185,22
316;123;1571;185,22
315;124;1571;185,58
315;123;1571;185,96
315;123;1572;185,96
315;122;1572;186
315;122;1573;186
314;123;1573;186,02
314;122;1573;186,42
314;122;1574;186,42
314;121;1574;186,52
314;121;1575;186,52
314;120;1575;186,84
314;120;1576;186,84
314;119;1576;186,86
314;119;1577;186,86
314;118;1577;187,42
314;118;1578;187,42
314;117;1578;187,66
314;117;1579;187,66
313;118;1579;187,74
313;117;1579;188,58
313;117;1580;188,58
313;116;1580;188,94
313;116;1581;188,94
313;115;1581;189,02
313;115;1582;189,02
313;114;1582;189,14
313;114;1583;189,14
313;113;1583;189,68
313;113;1584;189,68
313;112;1584;189,9
313;112;1585;189,9
313;111;1585;189,94
313;111;1586;189,94
312;112;1586;190,02
312;111;1586;190,26
312;111;1587;190,26
311;112;1587;190,44
311;111;1587;190,52
311;111;1588;190,52
311;110;1588;190,56
311;110;1589;190,56
310;111;1589;190,62
309;112;1589;190,68
309;111;1589;190,76
309;111;1590;190,76
309;110;1590;190,88
309;110;1591;190,88
309;109;1591;190,9
309;109;1592;190,9
309;108;1592;191
309;108;1593;191
309;107;1593;191,32
309;107;1594;191,32
309;106;1594;191,32
309;106;1595;191,32
309;105;1595;191,72
309;105;1596;191,72
309;104;1596;192
309;104;1597;192
309;103;1597;192,1
309;103;1598;192,1
308;104;1598;192,2
308;103;1598;192,22
308;103;1599;192,22
308;102;1599;192,48
308;102;1600;192,48
307;103;1600;192,82
307;102;1600;192,86
307;102;1601;192,86
306;103;1601;193
306;102;1601;193,44
306;102;1602;193,44
306;101;1602;193,46
306;101;1603;193,46
306;100;1603;193,68
306;100;1604;193,68
306;99;1604;193,84
306;99;1605;193,84
306;98;1605;194,02
306;98;1606;194,02
306;97;1606;194,04
306;97;1607;194,04
305;98;1607;194,36
305;97;1607;194,52
305;97;1608;194,52
304;98;1608;194,78
304;97;1608;194,84
304;97;1609;194,84
304;96;1609;194,9
304;96;1610;194,9
304;95;1610;195,26
304;95;1611;195,26
304;94;1611;195,6
304;94;1612;195,6
304;93;1612;196,12
304;93;1613;196,12
304;92;1613;196,92
304;92;1614;196,92
304;91;1614;197,18
304;91;1615;197,18
303;92;1615;197,28
303;91;1615;197,78
303;91;1616;197,78
303;90;1616;197,84
303;90;1617;197,84
303;89;1617;197,98
303;89;1618;197,98
302;90;1618;197,98
301;91;1618;198,34
301;90;1618;198,8
301;90;1619;198,8
301;89;1619;198,82
301;89;1620;198,82
301;88;1620;199,14
301;88;1621;199,14
301;87;1621;199,32
301;87;1622;199,32
300;88;1622;199,68
299;89;1622;200,44
299;88;1622;200,8
299;88;1623;200,8
299;87;1623;201,3
299;87;1624;201,3
299;86;1624;201,4
299;86;1625;201,4
299;85;1625;201,48
299;85;1626;201,48
299;84;1626;201,64
299;84;1627;201,64
299;83;1627;201,64
299;83;1628;201,64
299;82;1628;202,58
299;82;1629;202,58
299;81;1629;202,58
299;81;1630;202,58
299;80;1630;203,12
299;80;1631;203,12
299;79;1631;203,3
299;79;1632;203,3
298;80;1632;203,38
298;79;1632;203,88
298;79;1633;203,88
298;78;1633;204,5
298;78;1634;204,5
298;77;1634;205,34
298;77;1635;205,34
298;76;1635;205,5
298;76;1636;205,5
298;75;1636;205,88
298;75;1637;205,88
298;74;1637;206,02
298;74;1638;206,02
298;73;1638;206,14
298;73;1639;206,14
298;72;1639;206,18
298;72;1640;206,18
298;71;1640;206,36
298;71;1641;206,36
298;70;1641;206,58
298;70;1642;206,58
297;71;1642;206,7
296;72;1642;207
296;71;1642;207,18
296;71;1643;207,18
296;70;1643;207,34
296;70;1644;207,34
295;71;1644;207,8
295;70;1644;207,82
295;70;1645;207,82
295;69;1645;207,84
295;69;1646;207,84
294;70;1646;208,42
294;69;1646;209,04
294;69;1647;209,04
294;68;1647;209,14
294;68;1648;209,14
294;67;1648;209,16
294;67;1649;209,16
294;66;1649;209,58
294;66;1650;209,58
294;65;1650;210,52
294;65;1651;210,52
293;66;1651;211,62
293;65;1651;212,6
293;65;1652;212,6
293;64;1652;212,6
293;64;1653;212,6
293;63;1653;212,94
293;63;1654;212,94
293;62;1654;213
293;62;1655;213
293;61;1655;214,3
293;61;1656;214,3
292;62;1656;214,36
292;61;1656;214,7
292;61;1657;214,7
292;60;1657;215,02
292;60;1658;215,02
291;61;1658;215,06
291;60;1658;215,18
291;60;1659;215,18
290;61;1659;215,94
289;62;1659;216,6
289;61;1659;217
289;61;1660;217
289;60;1660;217,1
289;60;1661;217,1
289;59;1661;218,5
289;59;1662;218,5
288;60;1662;219,42
288;59;1662;219,48
288;59;1663;219,48
287;60;1663;219,54
287;59;1663;219,58
287;59;1664;219,58
287;58;1664;219,66
287;58;1665;219,66
287;57;1665;219,76
287;57;1666;219,76
287;56;1666;219,94
287;56;1667;219,94
286;57;1667;220,74
286;56;1667;221,36
286;56;1668;221,36
286;55;1668;221,4
286;55;1669;221,4
286;54;1669;221,44
286;54;1670;221,44
286;53;1670;221,8
286;53;1671;221,8
286;52;1671;222,14
286;52;1672;222,14
286;51;1672;223,02
286;51;1673;223,02
286;50;1673;223,54
286;50;1674;223,54
286;49;1674;223,62
286;49;1675;223,62
286;48;1675;224,6
286;48;1676;224,6
286;47;1676;224,94
286;47;1677;224,94
286;46;1677;225,42
286;46;1678;225,42
286;45;1678;225,74
286;45;1679;225,74
286;44;1679;225,9
286;44;1680;225,9
286;43;1680;226,46
286;43;1681;226,46
286;42;1681;226,78
286;42;1682;226,78
285;43;1682;227,22
285;42;1682;227,8
285;42;1683;227,8
285;41;1683;227,86
285;41;1684;227,86
285;40;1684;228,02
285;40;1685;228,02
285;39;1685;228,4
285;39;1686;228,4
284;40;1686;228,4
284;39;1686;228,46
284;39;1687;228,46
283;40;1687;228,52
283;39;1687;229,5
283;39;1688;229,5
283;38;1688;229,6
283;38;1689;229,6
282;39;1689;230,8
282;38;1689;231,36
282;38;1690;231,36
282;37;1690;232,22
282;37;1691;232,22
282;36;1691;233,04
282;36;1692;233,04
282;35;1692;233,74
282;35;1693;233,74
281;36;1693;234,02
281;35;1693;234,18
281;35;1694;234,18
281;34;1694;235,6
281;34;1695;235,6
281;33;1695;236,04
281;33;1696;236,04
281;32;1696;237,76
281;32;1697;237,76
281;31;1697;240,04
281;31;1698;240,04
281;30;1698;240,46
281;30;1699;240,46
281;29;1699;240,64
281;29;1700;240,64
281;28;1700;240,7
281;28;1701;240,7
281;27;1701;242,22
281;27;1702;242,22
281;26;1702;242,84
281;26;1703;242,84
281;25;1703;243,02
281;25;1704;243,02
281;24;1704;244,38
281;24;1705;244,38
281;23;1705;244,8
281;23;1706;244,8
280;24;1706;245,4
280;23;1706;247,3
280;23;1707;247,3
280;22;1707;248
280;22;1708;248
280;21;1708;248,36
280;21;1709;248,36
280;20;1709;249,7
280;20;1710;249,7
280;19;1710;250,46
280;19;1711;250,46
279;20;1711;252,22
278;21;1711;252,36
278;20;1711;253,4
278;20;1712;253,4
278;19;1712;256,72
278;19;1713;256,72
278;18;1713;257,02
278;18;1714;257,02
278;17;1714;257,82
278;17;1715;257,82
278;16;1715;258,44
278;16;1716;258,44
277;17;1716;259,88
276;18;1716;259,92
276;17;1716;261,64
276;17;1717;261,64
276;16;1717;264,38
276;16;1718;264,38
276;15;1718;265,08
276;15;1719;265,08
276;14;1719;265,96
276;14;1720;265,96
276;13;1720;266,62
276;13;1721;266,62
276;12;1721;269,44
276;12;1722;269,44
276;11;1722;269,56
276;11;1723;269,56
276;10;1723;270,76
276;10;1724;270,76
276;9;1724;277,24
276;9;1725;277,24
276;8;1725;278,42
276;8;1726;278,42
276;7;1726;278,54
276;7;1727;278,54
276;6;1727;280,82
276;6;1728;280,82
275;7;1728;281,28
274;8;1728;282,54
273;9;1728;283,3
273;8;1728;284,04
273;8;1729;284,04
273;7;1729;295,42
273;7;1730;295,42
273;6;1730;302,24
273;6;1731;302,24
273;5;1731;302,38
273;5;1732;302,38
273;4;1732;309,9
273;4;1733;309,9
273;3;1733;309,94
273;3;1734;309,94
273;2;1734;331,3
273;2;1735;331,3
273;1;1735;332,56
273;1;1736;332,56
273;0;1736;333,32
273;0;1737;333,32